###########
# Tempo Método GS: 0.000089 ms.
#
# Norma L2 do Residuo
# i=1: 421268050.000000
# i=2: 1315652093.000000
# i=3: 1651554576.000000
# i=4: 63121396.000000
# i=5: 1600027618.000000
# i=6: 54381284.000000
# i=7: 1999193054.000000
# i=8: 1015603725.000000
# i=9: 838671850.000000
# i=10: 1117504934.000000
# i=11: 0.000000
###########
0.000000 0.000000 0.000000
0.000000 0.061600 0.000000
0.000000 0.123200 0.000000
0.000000 0.184800 0.000000
0.000000 0.246399 0.000000
0.000000 0.307999 0.000000
0.000000 0.369599 0.000000
0.000000 0.431199 0.000000
0.000000 0.492799 0.000000
0.000000 0.554399 0.000000
0.000000 0.615999 0.000000
0.000000 0.677598 0.000000
0.000000 0.739198 0.000000
0.000000 0.800798 0.000000
0.000000 0.862398 0.000000
0.000000 0.923998 0.000000
0.000000 0.985598 0.000000
0.000000 1.047198 0.000000
0.000000 1.108797 0.000000
0.000000 1.170397 0.000000
0.000000 1.231997 0.000000
0.000000 1.293597 0.000000
0.000000 1.355197 0.000000
0.000000 1.416797 0.000000
0.000000 1.478397 0.000000
0.000000 1.539996 0.000000
0.000000 1.601596 0.000000
0.000000 1.663196 0.000000
0.000000 1.724796 0.000000
0.000000 1.786396 0.000000
0.000000 1.847996 0.000000
0.000000 1.909596 0.000000
0.000000 1.971195 0.000000
0.000000 2.032795 0.000000
0.000000 2.094395 0.000000
0.000000 2.155995 0.000000
0.000000 2.217595 0.000000
0.000000 2.279195 0.000000
0.000000 2.340795 0.000000
0.000000 2.402394 0.000000
0.000000 2.463994 0.000000
0.000000 2.525594 0.000000
0.000000 2.587194 0.000000
0.000000 2.648794 0.000000
0.000000 2.710394 0.000000
0.000000 2.771994 0.000000
0.000000 2.833593 0.000000
0.000000 2.895193 0.000000
0.000000 2.956793 0.000000
0.000000 3.018393 0.000000
0.000000 3.079993 0.000000
0.000000 3.141593 0.000000

0.061600 0.000000 4656.654505
0.061600 0.061600 0.000000
0.061600 0.123200 0.000000
0.061600 0.184800 0.000000
0.061600 0.246399 0.000000
0.061600 0.307999 0.000000
0.061600 0.369599 0.000000
0.061600 0.431199 0.000000
0.061600 0.492799 0.000000
0.061600 0.554399 0.000000
0.061600 0.615999 0.000000
0.061600 0.677598 0.000000
0.061600 0.739198 0.000000
0.061600 0.800798 0.000000
0.061600 0.862398 0.000000
0.061600 0.923998 0.000000
0.061600 0.985598 0.000000
0.061600 1.047198 0.000000
0.061600 1.108797 0.000000
0.061600 1.170397 0.000000
0.061600 1.231997 0.000000
0.061600 1.293597 0.000000
0.061600 1.355197 0.000000
0.061600 1.416797 0.000000
0.061600 1.478397 0.000000
0.061600 1.539996 0.000000
0.061600 1.601596 0.000000
0.061600 1.663196 0.000000
0.061600 1.724796 0.000000
0.061600 1.786396 0.000000
0.061600 1.847996 0.000000
0.061600 1.909596 0.000000
0.061600 1.971195 0.000000
0.061600 2.032795 0.000000
0.061600 2.094395 0.000000
0.061600 2.155995 0.000000
0.061600 2.217595 0.000000
0.061600 2.279195 0.000000
0.061600 2.340795 0.000000
0.061600 2.402394 0.000000
0.061600 2.463994 0.000000
0.061600 2.525594 0.000000
0.061600 2.587194 0.000000
0.061600 2.648794 0.000000
0.061600 2.710394 0.000000
0.061600 2.771994 0.000000
0.061600 2.833593 0.000000
0.061600 2.895193 0.000000
0.061600 2.956793 0.000000
0.061600 3.018393 0.000000
0.061600 3.079993 0.000000
0.061600 3.141593 3648.770643

0.123200 0.000000 1114.676017
0.123200 0.061600 0.000000
0.123200 0.123200 0.000000
0.123200 0.184800 0.000000
0.123200 0.246399 0.000000
0.123200 0.307999 0.000000
0.123200 0.369599 0.000000
0.123200 0.431199 0.000000
0.123200 0.492799 0.000000
0.123200 0.554399 0.000000
0.123200 0.615999 0.000000
0.123200 0.677598 0.000000
0.123200 0.739198 0.000000
0.123200 0.800798 0.000000
0.123200 0.862398 0.000000
0.123200 0.923998 0.000000
0.123200 0.985598 0.000000
0.123200 1.047198 0.000000
0.123200 1.108797 0.000000
0.123200 1.170397 0.000000
0.123200 1.231997 0.000000
0.123200 1.293597 0.000000
0.123200 1.355197 0.000000
0.123200 1.416797 0.000000
0.123200 1.478397 0.000000
0.123200 1.539996 0.000000
0.123200 1.601596 0.000000
0.123200 1.663196 0.000000
0.123200 1.724796 0.000000
0.123200 1.786396 0.000000
0.123200 1.847996 0.000000
0.123200 1.909596 0.000000
0.123200 1.971195 0.000000
0.123200 2.032795 0.000000
0.123200 2.094395 0.000000
0.123200 2.155995 0.000000
0.123200 2.217595 0.000000
0.123200 2.279195 0.000000
0.123200 2.340795 0.000000
0.123200 2.402394 0.000000
0.123200 2.463994 0.000000
0.123200 2.525594 0.000000
0.123200 2.587194 0.000000
0.123200 2.648794 0.000000
0.123200 2.710394 0.000000
0.123200 2.771994 0.000000
0.123200 2.833593 0.000000
0.123200 2.895193 0.000000
0.123200 2.956793 0.000000
0.123200 3.018393 0.000000
0.123200 3.079993 0.000000
0.123200 3.141593 6757.735697

0.184800 0.000000 -2592.209615
0.184800 0.061600 0.000000
0.184800 0.123200 0.000000
0.184800 0.184800 0.000000
0.184800 0.246399 0.000000
0.184800 0.307999 0.000000
0.184800 0.369599 0.000000
0.184800 0.431199 0.000000
0.184800 0.492799 0.000000
0.184800 0.554399 0.000000
0.184800 0.615999 0.000000
0.184800 0.677598 0.000000
0.184800 0.739198 0.000000
0.184800 0.800798 0.000000
0.184800 0.862398 0.000000
0.184800 0.923998 0.000000
0.184800 0.985598 0.000000
0.184800 1.047198 0.000000
0.184800 1.108797 0.000000
0.184800 1.170397 0.000000
0.184800 1.231997 0.000000
0.184800 1.293597 0.000000
0.184800 1.355197 0.000000
0.184800 1.416797 0.000000
0.184800 1.478397 0.000000
0.184800 1.539996 0.000000
0.184800 1.601596 0.000000
0.184800 1.663196 0.000000
0.184800 1.724796 0.000000
0.184800 1.786396 0.000000
0.184800 1.847996 0.000000
0.184800 1.909596 0.000000
0.184800 1.971195 0.000000
0.184800 2.032795 0.000000
0.184800 2.094395 0.000000
0.184800 2.155995 0.000000
0.184800 2.217595 0.000000
0.184800 2.279195 0.000000
0.184800 2.340795 0.000000
0.184800 2.402394 0.000000
0.184800 2.463994 0.000000
0.184800 2.525594 0.000000
0.184800 2.587194 0.000000
0.184800 2.648794 0.000000
0.184800 2.710394 0.000000
0.184800 2.771994 0.000000
0.184800 2.833593 0.000000
0.184800 2.895193 0.000000
0.184800 2.956793 0.000000
0.184800 3.018393 0.000000
0.184800 3.079993 0.000000
0.184800 3.141593 8866.949368

0.246399 0.000000 -5915.599168
0.246399 0.061600 0.000000
0.246399 0.123200 0.000000
0.246399 0.184800 0.000000
0.246399 0.246399 0.000000
0.246399 0.307999 0.000000
0.246399 0.369599 0.000000
0.246399 0.431199 0.000000
0.246399 0.492799 0.000000
0.246399 0.554399 0.000000
0.246399 0.615999 0.000000
0.246399 0.677598 0.000000
0.246399 0.739198 0.000000
0.246399 0.800798 0.000000
0.246399 0.862398 0.000000
0.246399 0.923998 0.000000
0.246399 0.985598 0.000000
0.246399 1.047198 0.000000
0.246399 1.108797 0.000000
0.246399 1.170397 0.000000
0.246399 1.231997 0.000000
0.246399 1.293597 0.000000
0.246399 1.355197 0.000000
0.246399 1.416797 0.000000
0.246399 1.478397 0.000000
0.246399 1.539996 0.000000
0.246399 1.601596 0.000000
0.246399 1.663196 0.000000
0.246399 1.724796 0.000000
0.246399 1.786396 0.000000
0.246399 1.847996 0.000000
0.246399 1.909596 0.000000
0.246399 1.971195 0.000000
0.246399 2.032795 0.000000
0.246399 2.094395 0.000000
0.246399 2.155995 0.000000
0.246399 2.217595 0.000000
0.246399 2.279195 0.000000
0.246399 2.340795 0.000000
0.246399 2.402394 0.000000
0.246399 2.463994 0.000000
0.246399 2.525594 0.000000
0.246399 2.587194 0.000000
0.246399 2.648794 0.000000
0.246399 2.710394 0.000000
0.246399 2.771994 0.000000
0.246399 2.833593 0.000000
0.246399 2.895193 0.000000
0.246399 2.956793 0.000000
0.246399 3.018393 0.000000
0.246399 3.079993 0.000000
0.246399 3.141593 9664.370852

0.307999 0.000000 -8363.824506
0.307999 0.061600 0.000000
0.307999 0.123200 0.000000
0.307999 0.184800 0.000000
0.307999 0.246399 0.000000
0.307999 0.307999 0.000000
0.307999 0.369599 0.000000
0.307999 0.431199 0.000000
0.307999 0.492799 0.000000
0.307999 0.554399 0.000000
0.307999 0.615999 0.000000
0.307999 0.677598 0.000000
0.307999 0.739198 0.000000
0.307999 0.800798 0.000000
0.307999 0.862398 0.000000
0.307999 0.923998 0.000000
0.307999 0.985598 0.000000
0.307999 1.047198 0.000000
0.307999 1.108797 0.000000
0.307999 1.170397 0.000000
0.307999 1.231997 0.000000
0.307999 1.293597 0.000000
0.307999 1.355197 0.000000
0.307999 1.416797 0.000000
0.307999 1.478397 0.000000
0.307999 1.539996 0.000000
0.307999 1.601596 0.000000
0.307999 1.663196 0.000000
0.307999 1.724796 0.000000
0.307999 1.786396 0.000000
0.307999 1.847996 0.000000
0.307999 1.909596 0.000000
0.307999 1.971195 0.000000
0.307999 2.032795 0.000000
0.307999 2.094395 0.000000
0.307999 2.155995 0.000000
0.307999 2.217595 0.000000
0.307999 2.279195 0.000000
0.307999 2.340795 0.000000
0.307999 2.402394 0.000000
0.307999 2.463994 0.000000
0.307999 2.525594 0.000000
0.307999 2.587194 0.000000
0.307999 2.648794 0.000000
0.307999 2.710394 0.000000
0.307999 2.771994 0.000000
0.307999 2.833593 0.000000
0.307999 2.895193 0.000000
0.307999 2.956793 0.000000
0.307999 3.018393 0.000000
0.307999 3.079993 0.000000
0.307999 3.141593 9032.028201

0.369599 0.000000 -9574.690839
0.369599 0.061600 0.000000
0.369599 0.123200 0.000000
0.369599 0.184800 0.000000
0.369599 0.246399 0.000000
0.369599 0.307999 0.000000
0.369599 0.369599 0.000000
0.369599 0.431199 0.000000
0.369599 0.492799 0.000000
0.369599 0.554399 0.000000
0.369599 0.615999 0.000000
0.369599 0.677598 0.000000
0.369599 0.739198 0.000000
0.369599 0.800798 0.000000
0.369599 0.862398 0.000000
0.369599 0.923998 0.000000
0.369599 0.985598 0.000000
0.369599 1.047198 0.000000
0.369599 1.108797 0.000000
0.369599 1.170397 0.000000
0.369599 1.231997 0.000000
0.369599 1.293597 0.000000
0.369599 1.355197 0.000000
0.369599 1.416797 0.000000
0.369599 1.478397 0.000000
0.369599 1.539996 0.000000
0.369599 1.601596 0.000000
0.369599 1.663196 0.000000
0.369599 1.724796 0.000000
0.369599 1.786396 0.000000
0.369599 1.847996 0.000000
0.369599 1.909596 0.000000
0.369599 1.971195 0.000000
0.369599 2.032795 0.000000
0.369599 2.094395 0.000000
0.369599 2.155995 0.000000
0.369599 2.217595 0.000000
0.369599 2.279195 0.000000
0.369599 2.340795 0.000000
0.369599 2.402394 0.000000
0.369599 2.463994 0.000000
0.369599 2.525594 0.000000
0.369599 2.587194 0.000000
0.369599 2.648794 0.000000
0.369599 2.710394 0.000000
0.369599 2.771994 0.000000
0.369599 2.833593 0.000000
0.369599 2.895193 0.000000
0.369599 2.956793 0.000000
0.369599 3.018393 0.000000
0.369599 3.079993 0.000000
0.369599 3.141593 7063.471307

0.431199 0.000000 -9369.060458
0.431199 0.061600 0.000000
0.431199 0.123200 0.000000
0.431199 0.184800 0.000000
0.431199 0.246399 0.000000
0.431199 0.307999 0.000000
0.431199 0.369599 0.000000
0.431199 0.431199 0.000000
0.431199 0.492799 0.000000
0.431199 0.554399 0.000000
0.431199 0.615999 0.000000
0.431199 0.677598 0.000000
0.431199 0.739198 0.000000
0.431199 0.800798 0.000000
0.431199 0.862398 0.000000
0.431199 0.923998 0.000000
0.431199 0.985598 0.000000
0.431199 1.047198 0.000000
0.431199 1.108797 0.000000
0.431199 1.170397 0.000000
0.431199 1.231997 0.000000
0.431199 1.293597 0.000000
0.431199 1.355197 0.000000
0.431199 1.416797 0.000000
0.431199 1.478397 0.000000
0.431199 1.539996 0.000000
0.431199 1.601596 0.000000
0.431199 1.663196 0.000000
0.431199 1.724796 0.000000
0.431199 1.786396 0.000000
0.431199 1.847996 0.000000
0.431199 1.909596 0.000000
0.431199 1.971195 0.000000
0.431199 2.032795 0.000000
0.431199 2.094395 0.000000
0.431199 2.155995 0.000000
0.431199 2.217595 0.000000
0.431199 2.279195 0.000000
0.431199 2.340795 0.000000
0.431199 2.402394 0.000000
0.431199 2.463994 0.000000
0.431199 2.525594 0.000000
0.431199 2.587194 0.000000
0.431199 2.648794 0.000000
0.431199 2.710394 0.000000
0.431199 2.771994 0.000000
0.431199 2.833593 0.000000
0.431199 2.895193 0.000000
0.431199 2.956793 0.000000
0.431199 3.018393 0.000000
0.431199 3.079993 0.000000
0.431199 3.141593 4049.931963

0.492799 0.000000 -7777.354685
0.492799 0.061600 0.000000
0.492799 0.123200 0.000000
0.492799 0.184800 0.000000
0.492799 0.246399 0.000000
0.492799 0.307999 0.000000
0.492799 0.369599 0.000000
0.492799 0.431199 0.000000
0.492799 0.492799 0.000000
0.492799 0.554399 0.000000
0.492799 0.615999 0.000000
0.492799 0.677598 0.000000
0.492799 0.739198 0.000000
0.492799 0.800798 0.000000
0.492799 0.862398 0.000000
0.492799 0.923998 0.000000
0.492799 0.985598 0.000000
0.492799 1.047198 0.000000
0.492799 1.108797 0.000000
0.492799 1.170397 0.000000
0.492799 1.231997 0.000000
0.492799 1.293597 0.000000
0.492799 1.355197 0.000000
0.492799 1.416797 0.000000
0.492799 1.478397 0.000000
0.492799 1.539996 0.000000
0.492799 1.601596 0.000000
0.492799 1.663196 0.000000
0.492799 1.724796 0.000000
0.492799 1.786396 0.000000
0.492799 1.847996 0.000000
0.492799 1.909596 0.000000
0.492799 1.971195 0.000000
0.492799 2.032795 0.000000
0.492799 2.094395 0.000000
0.492799 2.155995 0.000000
0.492799 2.217595 0.000000
0.492799 2.279195 0.000000
0.492799 2.340795 0.000000
0.492799 2.402394 0.000000
0.492799 2.463994 0.000000
0.492799 2.525594 0.000000
0.492799 2.587194 0.000000
0.492799 2.648794 0.000000
0.492799 2.710394 0.000000
0.492799 2.771994 0.000000
0.492799 2.833593 0.000000
0.492799 2.895193 0.000000
0.492799 2.956793 0.000000
0.492799 3.018393 0.000000
0.492799 3.079993 0.000000
0.492799 3.141593 437.238514

0.554399 0.000000 -5035.053291
0.554399 0.061600 0.000000
0.554399 0.123200 0.000000
0.554399 0.184800 0.000000
0.554399 0.246399 0.000000
0.554399 0.307999 0.000000
0.554399 0.369599 0.000000
0.554399 0.431199 0.000000
0.554399 0.492799 0.000000
0.554399 0.554399 0.000000
0.554399 0.615999 0.000000
0.554399 0.677598 0.000000
0.554399 0.739198 0.000000
0.554399 0.800798 0.000000
0.554399 0.862398 0.000000
0.554399 0.923998 0.000000
0.554399 0.985598 0.000000
0.554399 1.047198 0.000000
0.554399 1.108797 0.000000
0.554399 1.170397 0.000000
0.554399 1.231997 0.000000
0.554399 1.293597 0.000000
0.554399 1.355197 0.000000
0.554399 1.416797 0.000000
0.554399 1.478397 0.000000
0.554399 1.539996 0.000000
0.554399 1.601596 0.000000
0.554399 1.663196 0.000000
0.554399 1.724796 0.000000
0.554399 1.786396 0.000000
0.554399 1.847996 0.000000
0.554399 1.909596 0.000000
0.554399 1.971195 0.000000
0.554399 2.032795 0.000000
0.554399 2.094395 0.000000
0.554399 2.155995 0.000000
0.554399 2.217595 0.000000
0.554399 2.279195 0.000000
0.554399 2.340795 0.000000
0.554399 2.402394 0.000000
0.554399 2.463994 0.000000
0.554399 2.525594 0.000000
0.554399 2.587194 0.000000
0.554399 2.648794 0.000000
0.554399 2.710394 0.000000
0.554399 2.771994 0.000000
0.554399 2.833593 0.000000
0.554399 2.895193 0.000000
0.554399 2.956793 0.000000
0.554399 3.018393 0.000000
0.554399 3.079993 0.000000
0.554399 3.141593 -3240.140775

0.615999 0.000000 -1547.857199
0.615999 0.061600 0.000000
0.615999 0.123200 0.000000
0.615999 0.184800 0.000000
0.615999 0.246399 0.000000
0.615999 0.307999 0.000000
0.615999 0.369599 0.000000
0.615999 0.431199 0.000000
0.615999 0.492799 0.000000
0.615999 0.554399 0.000000
0.615999 0.615999 0.000000
0.615999 0.677598 0.000000
0.615999 0.739198 0.000000
0.615999 0.800798 0.000000
0.615999 0.862398 0.000000
0.615999 0.923998 0.000000
0.615999 0.985598 0.000000
0.615999 1.047198 0.000000
0.615999 1.108797 0.000000
0.615999 1.170397 0.000000
0.615999 1.231997 0.000000
0.615999 1.293597 0.000000
0.615999 1.355197 0.000000
0.615999 1.416797 0.000000
0.615999 1.478397 0.000000
0.615999 1.539996 0.000000
0.615999 1.601596 0.000000
0.615999 1.663196 0.000000
0.615999 1.724796 0.000000
0.615999 1.786396 0.000000
0.615999 1.847996 0.000000
0.615999 1.909596 0.000000
0.615999 1.971195 0.000000
0.615999 2.032795 0.000000
0.615999 2.094395 0.000000
0.615999 2.155995 0.000000
0.615999 2.217595 0.000000
0.615999 2.279195 0.000000
0.615999 2.340795 0.000000
0.615999 2.402394 0.000000
0.615999 2.463994 0.000000
0.615999 2.525594 0.000000
0.615999 2.587194 0.000000
0.615999 2.648794 0.000000
0.615999 2.710394 0.000000
0.615999 2.771994 0.000000
0.615999 2.833593 0.000000
0.615999 2.895193 0.000000
0.615999 2.956793 0.000000
0.615999 3.018393 0.000000
0.615999 3.079993 0.000000
0.615999 3.141593 -6438.167901

0.677598 0.000000 2168.331627
0.677598 0.061600 0.000000
0.677598 0.123200 0.000000
0.677598 0.184800 0.000000
0.677598 0.246399 0.000000
0.677598 0.307999 0.000000
0.677598 0.369599 0.000000
0.677598 0.431199 0.000000
0.677598 0.492799 0.000000
0.677598 0.554399 0.000000
0.677598 0.615999 0.000000
0.677598 0.677598 0.000000
0.677598 0.739198 0.000000
0.677598 0.800798 0.000000
0.677598 0.862398 0.000000
0.677598 0.923998 0.000000
0.677598 0.985598 0.000000
0.677598 1.047198 0.000000
0.677598 1.108797 0.000000
0.677598 1.170397 0.000000
0.677598 1.231997 0.000000
0.677598 1.293597 0.000000
0.677598 1.355197 0.000000
0.677598 1.416797 0.000000
0.677598 1.478397 0.000000
0.677598 1.539996 0.000000
0.677598 1.601596 0.000000
0.677598 1.663196 0.000000
0.677598 1.724796 0.000000
0.677598 1.786396 0.000000
0.677598 1.847996 0.000000
0.677598 1.909596 0.000000
0.677598 1.971195 0.000000
0.677598 2.032795 0.000000
0.677598 2.094395 0.000000
0.677598 2.155995 0.000000
0.677598 2.217595 0.000000
0.677598 2.279195 0.000000
0.677598 2.340795 0.000000
0.677598 2.402394 0.000000
0.677598 2.463994 0.000000
0.677598 2.525594 0.000000
0.677598 2.587194 0.000000
0.677598 2.648794 0.000000
0.677598 2.710394 0.000000
0.677598 2.771994 0.000000
0.677598 2.833593 0.000000
0.677598 2.895193 0.000000
0.677598 2.956793 0.000000
0.677598 3.018393 0.000000
0.677598 3.079993 0.000000
0.677598 3.141593 -8683.721069

0.739198 0.000000 5563.733634
0.739198 0.061600 0.000000
0.739198 0.123200 0.000000
0.739198 0.184800 0.000000
0.739198 0.246399 0.000000
0.739198 0.307999 0.000000
0.739198 0.369599 0.000000
0.739198 0.431199 0.000000
0.739198 0.492799 0.000000
0.739198 0.554399 0.000000
0.739198 0.615999 0.000000
0.739198 0.677598 0.000000
0.739198 0.739198 0.000000
0.739198 0.800798 0.000000
0.739198 0.862398 0.000000
0.739198 0.923998 0.000000
0.739198 0.985598 0.000000
0.739198 1.047198 0.000000
0.739198 1.108797 0.000000
0.739198 1.170397 0.000000
0.739198 1.231997 0.000000
0.739198 1.293597 0.000000
0.739198 1.355197 0.000000
0.739198 1.416797 0.000000
0.739198 1.478397 0.000000
0.739198 1.539996 0.000000
0.739198 1.601596 0.000000
0.739198 1.663196 0.000000
0.739198 1.724796 0.000000
0.739198 1.786396 0.000000
0.739198 1.847996 0.000000
0.739198 1.909596 0.000000
0.739198 1.971195 0.000000
0.739198 2.032795 0.000000
0.739198 2.094395 0.000000
0.739198 2.155995 0.000000
0.739198 2.217595 0.000000
0.739198 2.279195 0.000000
0.739198 2.340795 0.000000
0.739198 2.402394 0.000000
0.739198 2.463994 0.000000
0.739198 2.525594 0.000000
0.739198 2.587194 0.000000
0.739198 2.648794 0.000000
0.739198 2.710394 0.000000
0.739198 2.771994 0.000000
0.739198 2.833593 0.000000
0.739198 2.895193 0.000000
0.739198 2.956793 0.000000
0.739198 3.018393 0.000000
0.739198 3.079993 0.000000
0.739198 3.141593 -9644.589169

0.800798 0.000000 8136.027037
0.800798 0.061600 0.000000
0.800798 0.123200 0.000000
0.800798 0.184800 0.000000
0.800798 0.246399 0.000000
0.800798 0.307999 0.000000
0.800798 0.369599 0.000000
0.800798 0.431199 0.000000
0.800798 0.492799 0.000000
0.800798 0.554399 0.000000
0.800798 0.615999 0.000000
0.800798 0.677598 0.000000
0.800798 0.739198 0.000000
0.800798 0.800798 0.000000
0.800798 0.862398 0.000000
0.800798 0.923998 0.000000
0.800798 0.985598 0.000000
0.800798 1.047198 0.000000
0.800798 1.108797 0.000000
0.800798 1.170397 0.000000
0.800798 1.231997 0.000000
0.800798 1.293597 0.000000
0.800798 1.355197 0.000000
0.800798 1.416797 0.000000
0.800798 1.478397 0.000000
0.800798 1.539996 0.000000
0.800798 1.601596 0.000000
0.800798 1.663196 0.000000
0.800798 1.724796 0.000000
0.800798 1.786396 0.000000
0.800798 1.847996 0.000000
0.800798 1.909596 0.000000
0.800798 1.971195 0.000000
0.800798 2.032795 0.000000
0.800798 2.094395 0.000000
0.800798 2.155995 0.000000
0.800798 2.217595 0.000000
0.800798 2.279195 0.000000
0.800798 2.340795 0.000000
0.800798 2.402394 0.000000
0.800798 2.463994 0.000000
0.800798 2.525594 0.000000
0.800798 2.587194 0.000000
0.800798 2.648794 0.000000
0.800798 2.710394 0.000000
0.800798 2.771994 0.000000
0.800798 2.833593 0.000000
0.800798 2.895193 0.000000
0.800798 2.956793 0.000000
0.800798 3.018393 0.000000
0.800798 3.079993 0.000000
0.800798 3.141593 -9178.619672

0.862398 0.000000 9504.662195
0.862398 0.061600 0.000000
0.862398 0.123200 0.000000
0.862398 0.184800 0.000000
0.862398 0.246399 0.000000
0.862398 0.307999 0.000000
0.862398 0.369599 0.000000
0.862398 0.431199 0.000000
0.862398 0.492799 0.000000
0.862398 0.554399 0.000000
0.862398 0.615999 0.000000
0.862398 0.677598 0.000000
0.862398 0.739198 0.000000
0.862398 0.800798 0.000000
0.862398 0.862398 0.000000
0.862398 0.923998 0.000000
0.862398 0.985598 0.000000
0.862398 1.047198 0.000000
0.862398 1.108797 0.000000
0.862398 1.170397 0.000000
0.862398 1.231997 0.000000
0.862398 1.293597 0.000000
0.862398 1.355197 0.000000
0.862398 1.416797 0.000000
0.862398 1.478397 0.000000
0.862398 1.539996 0.000000
0.862398 1.601596 0.000000
0.862398 1.663196 0.000000
0.862398 1.724796 0.000000
0.862398 1.786396 0.000000
0.862398 1.847996 0.000000
0.862398 1.909596 0.000000
0.862398 1.971195 0.000000
0.862398 2.032795 0.000000
0.862398 2.094395 0.000000
0.862398 2.155995 0.000000
0.862398 2.217595 0.000000
0.862398 2.279195 0.000000
0.862398 2.340795 0.000000
0.862398 2.402394 0.000000
0.862398 2.463994 0.000000
0.862398 2.525594 0.000000
0.862398 2.587194 0.000000
0.862398 2.648794 0.000000
0.862398 2.710394 0.000000
0.862398 2.771994 0.000000
0.862398 2.833593 0.000000
0.862398 2.895193 0.000000
0.862398 2.956793 0.000000
0.862398 3.018393 0.000000
0.862398 3.079993 0.000000
0.862398 3.141593 -7354.748930

0.923998 0.000000 9467.160801
0.923998 0.061600 0.000000
0.923998 0.123200 0.000000
0.923998 0.184800 0.000000
0.923998 0.246399 0.000000
0.923998 0.307999 0.000000
0.923998 0.369599 0.000000
0.923998 0.431199 0.000000
0.923998 0.492799 0.000000
0.923998 0.554399 0.000000
0.923998 0.615999 0.000000
0.923998 0.677598 0.000000
0.923998 0.739198 0.000000
0.923998 0.800798 0.000000
0.923998 0.862398 0.000000
0.923998 0.923998 0.000000
0.923998 0.985598 0.000000
0.923998 1.047198 0.000000
0.923998 1.108797 0.000000
0.923998 1.170397 0.000000
0.923998 1.231997 0.000000
0.923998 1.293597 0.000000
0.923998 1.355197 0.000000
0.923998 1.416797 0.000000
0.923998 1.478397 0.000000
0.923998 1.539996 0.000000
0.923998 1.601596 0.000000
0.923998 1.663196 0.000000
0.923998 1.724796 0.000000
0.923998 1.786396 0.000000
0.923998 1.847996 0.000000
0.923998 1.909596 0.000000
0.923998 1.971195 0.000000
0.923998 2.032795 0.000000
0.923998 2.094395 0.000000
0.923998 2.155995 0.000000
0.923998 2.217595 0.000000
0.923998 2.279195 0.000000
0.923998 2.340795 0.000000
0.923998 2.402394 0.000000
0.923998 2.463994 0.000000
0.923998 2.525594 0.000000
0.923998 2.587194 0.000000
0.923998 2.648794 0.000000
0.923998 2.710394 0.000000
0.923998 2.771994 0.000000
0.923998 2.833593 0.000000
0.923998 2.895193 0.000000
0.923998 2.956793 0.000000
0.923998 3.018393 0.000000
0.923998 3.079993 0.000000
0.923998 3.141593 -4442.803610

0.985598 0.000000 8029.070877
0.985598 0.061600 0.000000
0.985598 0.123200 0.000000
0.985598 0.184800 0.000000
0.985598 0.246399 0.000000
0.985598 0.307999 0.000000
0.985598 0.369599 0.000000
0.985598 0.431199 0.000000
0.985598 0.492799 0.000000
0.985598 0.554399 0.000000
0.985598 0.615999 0.000000
0.985598 0.677598 0.000000
0.985598 0.739198 0.000000
0.985598 0.800798 0.000000
0.985598 0.862398 0.000000
0.985598 0.923998 0.000000
0.985598 0.985598 0.000000
0.985598 1.047198 0.000000
0.985598 1.108797 0.000000
0.985598 1.170397 0.000000
0.985598 1.231997 0.000000
0.985598 1.293597 0.000000
0.985598 1.355197 0.000000
0.985598 1.416797 0.000000
0.985598 1.478397 0.000000
0.985598 1.539996 0.000000
0.985598 1.601596 0.000000
0.985598 1.663196 0.000000
0.985598 1.724796 0.000000
0.985598 1.786396 0.000000
0.985598 1.847996 0.000000
0.985598 1.909596 0.000000
0.985598 1.971195 0.000000
0.985598 2.032795 0.000000
0.985598 2.094395 0.000000
0.985598 2.155995 0.000000
0.985598 2.217595 0.000000
0.985598 2.279195 0.000000
0.985598 2.340795 0.000000
0.985598 2.402394 0.000000
0.985598 2.463994 0.000000
0.985598 2.525594 0.000000
0.985598 2.587194 0.000000
0.985598 2.648794 0.000000
0.985598 2.710394 0.000000
0.985598 2.771994 0.000000
0.985598 2.833593 0.000000
0.985598 2.895193 0.000000
0.985598 2.956793 0.000000
0.985598 3.018393 0.000000
0.985598 3.079993 0.000000
0.985598 3.141593 -873.582059

1.047198 0.000000 5403.145993
1.047198 0.061600 0.000000
1.047198 0.123200 0.000000
1.047198 0.184800 0.000000
1.047198 0.246399 0.000000
1.047198 0.307999 0.000000
1.047198 0.369599 0.000000
1.047198 0.431199 0.000000
1.047198 0.492799 0.000000
1.047198 0.554399 0.000000
1.047198 0.615999 0.000000
1.047198 0.677598 0.000000
1.047198 0.739198 0.000000
1.047198 0.800798 0.000000
1.047198 0.862398 0.000000
1.047198 0.923998 0.000000
1.047198 0.985598 0.000000
1.047198 1.047198 0.000000
1.047198 1.108797 0.000000
1.047198 1.170397 0.000000
1.047198 1.231997 0.000000
1.047198 1.293597 0.000000
1.047198 1.355197 0.000000
1.047198 1.416797 0.000000
1.047198 1.478397 0.000000
1.047198 1.539996 0.000000
1.047198 1.601596 0.000000
1.047198 1.663196 0.000000
1.047198 1.724796 0.000000
1.047198 1.786396 0.000000
1.047198 1.847996 0.000000
1.047198 1.909596 0.000000
1.047198 1.971195 0.000000
1.047198 2.032795 0.000000
1.047198 2.094395 0.000000
1.047198 2.155995 0.000000
1.047198 2.217595 0.000000
1.047198 2.279195 0.000000
1.047198 2.340795 0.000000
1.047198 2.402394 0.000000
1.047198 2.463994 0.000000
1.047198 2.525594 0.000000
1.047198 2.587194 0.000000
1.047198 2.648794 0.000000
1.047198 2.710394 0.000000
1.047198 2.771994 0.000000
1.047198 2.833593 0.000000
1.047198 2.895193 0.000000
1.047198 2.956793 0.000000
1.047198 3.018393 0.000000
1.047198 3.079993 0.000000
1.047198 3.141593 2824.878769

1.108797 0.000000 1977.870124
1.108797 0.061600 0.000000
1.108797 0.123200 0.000000
1.108797 0.184800 0.000000
1.108797 0.246399 0.000000
1.108797 0.307999 0.000000
1.108797 0.369599 0.000000
1.108797 0.431199 0.000000
1.108797 0.492799 0.000000
1.108797 0.554399 0.000000
1.108797 0.615999 0.000000
1.108797 0.677598 0.000000
1.108797 0.739198 0.000000
1.108797 0.800798 0.000000
1.108797 0.862398 0.000000
1.108797 0.923998 0.000000
1.108797 0.985598 0.000000
1.108797 1.047198 0.000000
1.108797 1.108797 0.000000
1.108797 1.170397 0.000000
1.108797 1.231997 0.000000
1.108797 1.293597 0.000000
1.108797 1.355197 0.000000
1.108797 1.416797 0.000000
1.108797 1.478397 0.000000
1.108797 1.539996 0.000000
1.108797 1.601596 0.000000
1.108797 1.663196 0.000000
1.108797 1.724796 0.000000
1.108797 1.786396 0.000000
1.108797 1.847996 0.000000
1.108797 1.909596 0.000000
1.108797 1.971195 0.000000
1.108797 2.032795 0.000000
1.108797 2.094395 0.000000
1.108797 2.155995 0.000000
1.108797 2.217595 0.000000
1.108797 2.279195 0.000000
1.108797 2.340795 0.000000
1.108797 2.402394 0.000000
1.108797 2.463994 0.000000
1.108797 2.525594 0.000000
1.108797 2.587194 0.000000
1.108797 2.648794 0.000000
1.108797 2.710394 0.000000
1.108797 2.771994 0.000000
1.108797 2.833593 0.000000
1.108797 2.895193 0.000000
1.108797 2.956793 0.000000
1.108797 3.018393 0.000000
1.108797 3.079993 0.000000
1.108797 3.141593 6105.422030

1.170397 0.000000 -1740.015353
1.170397 0.061600 0.000000
1.170397 0.123200 0.000000
1.170397 0.184800 0.000000
1.170397 0.246399 0.000000
1.170397 0.307999 0.000000
1.170397 0.369599 0.000000
1.170397 0.431199 0.000000
1.170397 0.492799 0.000000
1.170397 0.554399 0.000000
1.170397 0.615999 0.000000
1.170397 0.677598 0.000000
1.170397 0.739198 0.000000
1.170397 0.800798 0.000000
1.170397 0.862398 0.000000
1.170397 0.923998 0.000000
1.170397 0.985598 0.000000
1.170397 1.047198 0.000000
1.170397 1.108797 0.000000
1.170397 1.170397 0.000000
1.170397 1.231997 0.000000
1.170397 1.293597 0.000000
1.170397 1.355197 0.000000
1.170397 1.416797 0.000000
1.170397 1.478397 0.000000
1.170397 1.539996 0.000000
1.170397 1.601596 0.000000
1.170397 1.663196 0.000000
1.170397 1.724796 0.000000
1.170397 1.786396 0.000000
1.170397 1.847996 0.000000
1.170397 1.909596 0.000000
1.170397 1.971195 0.000000
1.170397 2.032795 0.000000
1.170397 2.094395 0.000000
1.170397 2.155995 0.000000
1.170397 2.217595 0.000000
1.170397 2.279195 0.000000
1.170397 2.340795 0.000000
1.170397 2.402394 0.000000
1.170397 2.463994 0.000000
1.170397 2.525594 0.000000
1.170397 2.587194 0.000000
1.170397 2.648794 0.000000
1.170397 2.710394 0.000000
1.170397 2.771994 0.000000
1.170397 2.833593 0.000000
1.170397 2.895193 0.000000
1.170397 2.956793 0.000000
1.170397 3.018393 0.000000
1.170397 3.079993 0.000000
1.170397 3.141593 8482.718347

1.231997 0.000000 -5200.479877
1.231997 0.061600 0.000000
1.231997 0.123200 0.000000
1.231997 0.184800 0.000000
1.231997 0.246399 0.000000
1.231997 0.307999 0.000000
1.231997 0.369599 0.000000
1.231997 0.431199 0.000000
1.231997 0.492799 0.000000
1.231997 0.554399 0.000000
1.231997 0.615999 0.000000
1.231997 0.677598 0.000000
1.231997 0.739198 0.000000
1.231997 0.800798 0.000000
1.231997 0.862398 0.000000
1.231997 0.923998 0.000000
1.231997 0.985598 0.000000
1.231997 1.047198 0.000000
1.231997 1.108797 0.000000
1.231997 1.170397 0.000000
1.231997 1.231997 0.000000
1.231997 1.293597 0.000000
1.231997 1.355197 0.000000
1.231997 1.416797 0.000000
1.231997 1.478397 0.000000
1.231997 1.539996 0.000000
1.231997 1.601596 0.000000
1.231997 1.663196 0.000000
1.231997 1.724796 0.000000
1.231997 1.786396 0.000000
1.231997 1.847996 0.000000
1.231997 1.909596 0.000000
1.231997 1.971195 0.000000
1.231997 2.032795 0.000000
1.231997 2.094395 0.000000
1.231997 2.155995 0.000000
1.231997 2.217595 0.000000
1.231997 2.279195 0.000000
1.231997 2.340795 0.000000
1.231997 2.402394 0.000000
1.231997 2.463994 0.000000
1.231997 2.525594 0.000000
1.231997 2.587194 0.000000
1.231997 2.648794 0.000000
1.231997 2.710394 0.000000
1.231997 2.771994 0.000000
1.231997 2.833593 0.000000
1.231997 2.895193 0.000000
1.231997 2.956793 0.000000
1.231997 3.018393 0.000000
1.231997 3.079993 0.000000
1.231997 3.141593 9605.066294

1.293597 0.000000 -7891.576202
1.293597 0.061600 0.000000
1.293597 0.123200 0.000000
1.293597 0.184800 0.000000
1.293597 0.246399 0.000000
1.293597 0.307999 0.000000
1.293597 0.369599 0.000000
1.293597 0.431199 0.000000
1.293597 0.492799 0.000000
1.293597 0.554399 0.000000
1.293597 0.615999 0.000000
1.293597 0.677598 0.000000
1.293597 0.739198 0.000000
1.293597 0.800798 0.000000
1.293597 0.862398 0.000000
1.293597 0.923998 0.000000
1.293597 0.985598 0.000000
1.293597 1.047198 0.000000
1.293597 1.108797 0.000000
1.293597 1.170397 0.000000
1.293597 1.231997 0.000000
1.293597 1.293597 0.000000
1.293597 1.355197 0.000000
1.293597 1.416797 0.000000
1.293597 1.478397 0.000000
1.293597 1.539996 0.000000
1.293597 1.601596 0.000000
1.293597 1.663196 0.000000
1.293597 1.724796 0.000000
1.293597 1.786396 0.000000
1.293597 1.847996 0.000000
1.293597 1.909596 0.000000
1.293597 1.971195 0.000000
1.293597 2.032795 0.000000
1.293597 2.094395 0.000000
1.293597 2.155995 0.000000
1.293597 2.217595 0.000000
1.293597 2.279195 0.000000
1.293597 2.340795 0.000000
1.293597 2.402394 0.000000
1.293597 2.463994 0.000000
1.293597 2.525594 0.000000
1.293597 2.587194 0.000000
1.293597 2.648794 0.000000
1.293597 2.710394 0.000000
1.293597 2.771994 0.000000
1.293597 2.833593 0.000000
1.293597 2.895193 0.000000
1.293597 2.956793 0.000000
1.293597 3.018393 0.000000
1.293597 3.079993 0.000000
1.293597 3.141593 9306.423728

1.355197 0.000000 -9415.178771
1.355197 0.061600 0.000000
1.355197 0.123200 0.000000
1.355197 0.184800 0.000000
1.355197 0.246399 0.000000
1.355197 0.307999 0.000000
1.355197 0.369599 0.000000
1.355197 0.431199 0.000000
1.355197 0.492799 0.000000
1.355197 0.554399 0.000000
1.355197 0.615999 0.000000
1.355197 0.677598 0.000000
1.355197 0.739198 0.000000
1.355197 0.800798 0.000000
1.355197 0.862398 0.000000
1.355197 0.923998 0.000000
1.355197 0.985598 0.000000
1.355197 1.047198 0.000000
1.355197 1.108797 0.000000
1.355197 1.170397 0.000000
1.355197 1.231997 0.000000
1.355197 1.293597 0.000000
1.355197 1.355197 0.000000
1.355197 1.416797 0.000000
1.355197 1.478397 0.000000
1.355197 1.539996 0.000000
1.355197 1.601596 0.000000
1.355197 1.663196 0.000000
1.355197 1.724796 0.000000
1.355197 1.786396 0.000000
1.355197 1.847996 0.000000
1.355197 1.909596 0.000000
1.355197 1.971195 0.000000
1.355197 2.032795 0.000000
1.355197 2.094395 0.000000
1.355197 2.155995 0.000000
1.355197 2.217595 0.000000
1.355197 2.279195 0.000000
1.355197 2.340795 0.000000
1.355197 2.402394 0.000000
1.355197 2.463994 0.000000
1.355197 2.525594 0.000000
1.355197 2.587194 0.000000
1.355197 2.648794 0.000000
1.355197 2.710394 0.000000
1.355197 2.771994 0.000000
1.355197 2.833593 0.000000
1.355197 2.895193 0.000000
1.355197 2.956793 0.000000
1.355197 3.018393 0.000000
1.355197 3.079993 0.000000
1.355197 3.141593 7630.972359

1.416797 0.000000 -9545.883125
1.416797 0.061600 0.000000
1.416797 0.123200 0.000000
1.416797 0.184800 0.000000
1.416797 0.246399 0.000000
1.416797 0.307999 0.000000
1.416797 0.369599 0.000000
1.416797 0.431199 0.000000
1.416797 0.492799 0.000000
1.416797 0.554399 0.000000
1.416797 0.615999 0.000000
1.416797 0.677598 0.000000
1.416797 0.739198 0.000000
1.416797 0.800798 0.000000
1.416797 0.862398 0.000000
1.416797 0.923998 0.000000
1.416797 0.985598 0.000000
1.416797 1.047198 0.000000
1.416797 1.108797 0.000000
1.416797 1.170397 0.000000
1.416797 1.231997 0.000000
1.416797 1.293597 0.000000
1.416797 1.355197 0.000000
1.416797 1.416797 0.000000
1.416797 1.478397 0.000000
1.416797 1.539996 0.000000
1.416797 1.601596 0.000000
1.416797 1.663196 0.000000
1.416797 1.724796 0.000000
1.416797 1.786396 0.000000
1.416797 1.847996 0.000000
1.416797 1.909596 0.000000
1.416797 1.971195 0.000000
1.416797 2.032795 0.000000
1.416797 2.094395 0.000000
1.416797 2.155995 0.000000
1.416797 2.217595 0.000000
1.416797 2.279195 0.000000
1.416797 2.340795 0.000000
1.416797 2.402394 0.000000
1.416797 2.463994 0.000000
1.416797 2.525594 0.000000
1.416797 2.587194 0.000000
1.416797 2.648794 0.000000
1.416797 2.710394 0.000000
1.416797 2.771994 0.000000
1.416797 2.833593 0.000000
1.416797 2.895193 0.000000
1.416797 2.956793 0.000000
1.416797 3.018393 0.000000
1.416797 3.079993 0.000000
1.416797 3.141593 4826.581429

1.478397 0.000000 -8264.352628
1.478397 0.061600 0.000000
1.478397 0.123200 0.000000
1.478397 0.184800 0.000000
1.478397 0.246399 0.000000
1.478397 0.307999 0.000000
1.478397 0.369599 0.000000
1.478397 0.431199 0.000000
1.478397 0.492799 0.000000
1.478397 0.554399 0.000000
1.478397 0.615999 0.000000
1.478397 0.677598 0.000000
1.478397 0.739198 0.000000
1.478397 0.800798 0.000000
1.478397 0.862398 0.000000
1.478397 0.923998 0.000000
1.478397 0.985598 0.000000
1.478397 1.047198 0.000000
1.478397 1.108797 0.000000
1.478397 1.170397 0.000000
1.478397 1.231997 0.000000
1.478397 1.293597 0.000000
1.478397 1.355197 0.000000
1.478397 1.416797 0.000000
1.478397 1.478397 0.000000
1.478397 1.539996 0.000000
1.478397 1.601596 0.000000
1.478397 1.663196 0.000000
1.478397 1.724796 0.000000
1.478397 1.786396 0.000000
1.478397 1.847996 0.000000
1.478397 1.909596 0.000000
1.478397 1.971195 0.000000
1.478397 2.032795 0.000000
1.478397 2.094395 0.000000
1.478397 2.155995 0.000000
1.478397 2.217595 0.000000
1.478397 2.279195 0.000000
1.478397 2.340795 0.000000
1.478397 2.402394 0.000000
1.478397 2.463994 0.000000
1.478397 2.525594 0.000000
1.478397 2.587194 0.000000
1.478397 2.648794 0.000000
1.478397 2.710394 0.000000
1.478397 2.771994 0.000000
1.478397 2.833593 0.000000
1.478397 2.895193 0.000000
1.478397 2.956793 0.000000
1.478397 3.018393 0.000000
1.478397 3.079993 0.000000
1.478397 3.141593 1308.137498

1.539996 0.000000 -5760.179172
1.539996 0.061600 0.000000
1.539996 0.123200 0.000000
1.539996 0.184800 0.000000
1.539996 0.246399 0.000000
1.539996 0.307999 0.000000
1.539996 0.369599 0.000000
1.539996 0.431199 0.000000
1.539996 0.492799 0.000000
1.539996 0.554399 0.000000
1.539996 0.615999 0.000000
1.539996 0.677598 0.000000
1.539996 0.739198 0.000000
1.539996 0.800798 0.000000
1.539996 0.862398 0.000000
1.539996 0.923998 0.000000
1.539996 0.985598 0.000000
1.539996 1.047198 0.000000
1.539996 1.108797 0.000000
1.539996 1.170397 0.000000
1.539996 1.231997 0.000000
1.539996 1.293597 0.000000
1.539996 1.355197 0.000000
1.539996 1.416797 0.000000
1.539996 1.478397 0.000000
1.539996 1.539996 0.000000
1.539996 1.601596 0.000000
1.539996 1.663196 0.000000
1.539996 1.724796 0.000000
1.539996 1.786396 0.000000
1.539996 1.847996 0.000000
1.539996 1.909596 0.000000
1.539996 1.971195 0.000000
1.539996 2.032795 0.000000
1.539996 2.094395 0.000000
1.539996 2.155995 0.000000
1.539996 2.217595 0.000000
1.539996 2.279195 0.000000
1.539996 2.340795 0.000000
1.539996 2.402394 0.000000
1.539996 2.463994 0.000000
1.539996 2.525594 0.000000
1.539996 2.587194 0.000000
1.539996 2.648794 0.000000
1.539996 2.710394 0.000000
1.539996 2.771994 0.000000
1.539996 2.833593 0.000000
1.539996 2.895193 0.000000
1.539996 2.956793 0.000000
1.539996 3.018393 0.000000
1.539996 3.079993 0.000000
1.539996 3.141593 -2403.834611

1.601596 0.000000 -2403.834611
1.601596 0.061600 0.000000
1.601596 0.123200 0.000000
1.601596 0.184800 0.000000
1.601596 0.246399 0.000000
1.601596 0.307999 0.000000
1.601596 0.369599 0.000000
1.601596 0.431199 0.000000
1.601596 0.492799 0.000000
1.601596 0.554399 0.000000
1.601596 0.615999 0.000000
1.601596 0.677598 0.000000
1.601596 0.739198 0.000000
1.601596 0.800798 0.000000
1.601596 0.862398 0.000000
1.601596 0.923998 0.000000
1.601596 0.985598 0.000000
1.601596 1.047198 0.000000
1.601596 1.108797 0.000000
1.601596 1.170397 0.000000
1.601596 1.231997 0.000000
1.601596 1.293597 0.000000
1.601596 1.355197 0.000000
1.601596 1.416797 0.000000
1.601596 1.478397 0.000000
1.601596 1.539996 0.000000
1.601596 1.601596 0.000000
1.601596 1.663196 0.000000
1.601596 1.724796 0.000000
1.601596 1.786396 0.000000
1.601596 1.847996 0.000000
1.601596 1.909596 0.000000
1.601596 1.971195 0.000000
1.601596 2.032795 0.000000
1.601596 2.094395 0.000000
1.601596 2.155995 0.000000
1.601596 2.217595 0.000000
1.601596 2.279195 0.000000
1.601596 2.340795 0.000000
1.601596 2.402394 0.000000
1.601596 2.463994 0.000000
1.601596 2.525594 0.000000
1.601596 2.587194 0.000000
1.601596 2.648794 0.000000
1.601596 2.710394 0.000000
1.601596 2.771994 0.000000
1.601596 2.833593 0.000000
1.601596 2.895193 0.000000
1.601596 2.956793 0.000000
1.601596 3.018393 0.000000
1.601596 3.079993 0.000000
1.601596 3.141593 -5760.179172

1.663196 0.000000 1308.137498
1.663196 0.061600 0.000000
1.663196 0.123200 0.000000
1.663196 0.184800 0.000000
1.663196 0.246399 0.000000
1.663196 0.307999 0.000000
1.663196 0.369599 0.000000
1.663196 0.431199 0.000000
1.663196 0.492799 0.000000
1.663196 0.554399 0.000000
1.663196 0.615999 0.000000
1.663196 0.677598 0.000000
1.663196 0.739198 0.000000
1.663196 0.800798 0.000000
1.663196 0.862398 0.000000
1.663196 0.923998 0.000000
1.663196 0.985598 0.000000
1.663196 1.047198 0.000000
1.663196 1.108797 0.000000
1.663196 1.170397 0.000000
1.663196 1.231997 0.000000
1.663196 1.293597 0.000000
1.663196 1.355197 0.000000
1.663196 1.416797 0.000000
1.663196 1.478397 0.000000
1.663196 1.539996 0.000000
1.663196 1.601596 0.000000
1.663196 1.663196 0.000000
1.663196 1.724796 0.000000
1.663196 1.786396 0.000000
1.663196 1.847996 0.000000
1.663196 1.909596 0.000000
1.663196 1.971195 0.000000
1.663196 2.032795 0.000000
1.663196 2.094395 0.000000
1.663196 2.155995 0.000000
1.663196 2.217595 0.000000
1.663196 2.279195 0.000000
1.663196 2.340795 0.000000
1.663196 2.402394 0.000000
1.663196 2.463994 0.000000
1.663196 2.525594 0.000000
1.663196 2.587194 0.000000
1.663196 2.648794 0.000000
1.663196 2.710394 0.000000
1.663196 2.771994 0.000000
1.663196 2.833593 0.000000
1.663196 2.895193 0.000000
1.663196 2.956793 0.000000
1.663196 3.018393 0.000000
1.663196 3.079993 0.000000
1.663196 3.141593 -8264.352628

1.724796 0.000000 4826.581429
1.724796 0.061600 0.000000
1.724796 0.123200 0.000000
1.724796 0.184800 0.000000
1.724796 0.246399 0.000000
1.724796 0.307999 0.000000
1.724796 0.369599 0.000000
1.724796 0.431199 0.000000
1.724796 0.492799 0.000000
1.724796 0.554399 0.000000
1.724796 0.615999 0.000000
1.724796 0.677598 0.000000
1.724796 0.739198 0.000000
1.724796 0.800798 0.000000
1.724796 0.862398 0.000000
1.724796 0.923998 0.000000
1.724796 0.985598 0.000000
1.724796 1.047198 0.000000
1.724796 1.108797 0.000000
1.724796 1.170397 0.000000
1.724796 1.231997 0.000000
1.724796 1.293597 0.000000
1.724796 1.355197 0.000000
1.724796 1.416797 0.000000
1.724796 1.478397 0.000000
1.724796 1.539996 0.000000
1.724796 1.601596 0.000000
1.724796 1.663196 0.000000
1.724796 1.724796 0.000000
1.724796 1.786396 0.000000
1.724796 1.847996 0.000000
1.724796 1.909596 0.000000
1.724796 1.971195 0.000000
1.724796 2.032795 0.000000
1.724796 2.094395 0.000000
1.724796 2.155995 0.000000
1.724796 2.217595 0.000000
1.724796 2.279195 0.000000
1.724796 2.340795 0.000000
1.724796 2.402394 0.000000
1.724796 2.463994 0.000000
1.724796 2.525594 0.000000
1.724796 2.587194 0.000000
1.724796 2.648794 0.000000
1.724796 2.710394 0.000000
1.724796 2.771994 0.000000
1.724796 2.833593 0.000000
1.724796 2.895193 0.000000
1.724796 2.956793 0.000000
1.724796 3.018393 0.000000
1.724796 3.079993 0.000000
1.724796 3.141593 -9545.883125

1.786396 0.000000 7630.972359
1.786396 0.061600 0.000000
1.786396 0.123200 0.000000
1.786396 0.184800 0.000000
1.786396 0.246399 0.000000
1.786396 0.307999 0.000000
1.786396 0.369599 0.000000
1.786396 0.431199 0.000000
1.786396 0.492799 0.000000
1.786396 0.554399 0.000000
1.786396 0.615999 0.000000
1.786396 0.677598 0.000000
1.786396 0.739198 0.000000
1.786396 0.800798 0.000000
1.786396 0.862398 0.000000
1.786396 0.923998 0.000000
1.786396 0.985598 0.000000
1.786396 1.047198 0.000000
1.786396 1.108797 0.000000
1.786396 1.170397 0.000000
1.786396 1.231997 0.000000
1.786396 1.293597 0.000000
1.786396 1.355197 0.000000
1.786396 1.416797 0.000000
1.786396 1.478397 0.000000
1.786396 1.539996 0.000000
1.786396 1.601596 0.000000
1.786396 1.663196 0.000000
1.786396 1.724796 0.000000
1.786396 1.786396 0.000000
1.786396 1.847996 0.000000
1.786396 1.909596 0.000000
1.786396 1.971195 0.000000
1.786396 2.032795 0.000000
1.786396 2.094395 0.000000
1.786396 2.155995 0.000000
1.786396 2.217595 0.000000
1.786396 2.279195 0.000000
1.786396 2.340795 0.000000
1.786396 2.402394 0.000000
1.786396 2.463994 0.000000
1.786396 2.525594 0.000000
1.786396 2.587194 0.000000
1.786396 2.648794 0.000000
1.786396 2.710394 0.000000
1.786396 2.771994 0.000000
1.786396 2.833593 0.000000
1.786396 2.895193 0.000000
1.786396 2.956793 0.000000
1.786396 3.018393 0.000000
1.786396 3.079993 0.000000
1.786396 3.141593 -9415.178771

1.847996 0.000000 9306.423728
1.847996 0.061600 0.000000
1.847996 0.123200 0.000000
1.847996 0.184800 0.000000
1.847996 0.246399 0.000000
1.847996 0.307999 0.000000
1.847996 0.369599 0.000000
1.847996 0.431199 0.000000
1.847996 0.492799 0.000000
1.847996 0.554399 0.000000
1.847996 0.615999 0.000000
1.847996 0.677598 0.000000
1.847996 0.739198 0.000000
1.847996 0.800798 0.000000
1.847996 0.862398 0.000000
1.847996 0.923998 0.000000
1.847996 0.985598 0.000000
1.847996 1.047198 0.000000
1.847996 1.108797 0.000000
1.847996 1.170397 0.000000
1.847996 1.231997 0.000000
1.847996 1.293597 0.000000
1.847996 1.355197 0.000000
1.847996 1.416797 0.000000
1.847996 1.478397 0.000000
1.847996 1.539996 0.000000
1.847996 1.601596 0.000000
1.847996 1.663196 0.000000
1.847996 1.724796 0.000000
1.847996 1.786396 0.000000
1.847996 1.847996 0.000000
1.847996 1.909596 0.000000
1.847996 1.971195 0.000000
1.847996 2.032795 0.000000
1.847996 2.094395 0.000000
1.847996 2.155995 0.000000
1.847996 2.217595 0.000000
1.847996 2.279195 0.000000
1.847996 2.340795 0.000000
1.847996 2.402394 0.000000
1.847996 2.463994 0.000000
1.847996 2.525594 0.000000
1.847996 2.587194 0.000000
1.847996 2.648794 0.000000
1.847996 2.710394 0.000000
1.847996 2.771994 0.000000
1.847996 2.833593 0.000000
1.847996 2.895193 0.000000
1.847996 2.956793 0.000000
1.847996 3.018393 0.000000
1.847996 3.079993 0.000000
1.847996 3.141593 -7891.576202

1.909596 0.000000 9605.066294
1.909596 0.061600 0.000000
1.909596 0.123200 0.000000
1.909596 0.184800 0.000000
1.909596 0.246399 0.000000
1.909596 0.307999 0.000000
1.909596 0.369599 0.000000
1.909596 0.431199 0.000000
1.909596 0.492799 0.000000
1.909596 0.554399 0.000000
1.909596 0.615999 0.000000
1.909596 0.677598 0.000000
1.909596 0.739198 0.000000
1.909596 0.800798 0.000000
1.909596 0.862398 0.000000
1.909596 0.923998 0.000000
1.909596 0.985598 0.000000
1.909596 1.047198 0.000000
1.909596 1.108797 0.000000
1.909596 1.170397 0.000000
1.909596 1.231997 0.000000
1.909596 1.293597 0.000000
1.909596 1.355197 0.000000
1.909596 1.416797 0.000000
1.909596 1.478397 0.000000
1.909596 1.539996 0.000000
1.909596 1.601596 0.000000
1.909596 1.663196 0.000000
1.909596 1.724796 0.000000
1.909596 1.786396 0.000000
1.909596 1.847996 0.000000
1.909596 1.909596 0.000000
1.909596 1.971195 0.000000
1.909596 2.032795 0.000000
1.909596 2.094395 0.000000
1.909596 2.155995 0.000000
1.909596 2.217595 0.000000
1.909596 2.279195 0.000000
1.909596 2.340795 0.000000
1.909596 2.402394 0.000000
1.909596 2.463994 0.000000
1.909596 2.525594 0.000000
1.909596 2.587194 0.000000
1.909596 2.648794 0.000000
1.909596 2.710394 0.000000
1.909596 2.771994 0.000000
1.909596 2.833593 0.000000
1.909596 2.895193 0.000000
1.909596 2.956793 0.000000
1.909596 3.018393 0.000000
1.909596 3.079993 0.000000
1.909596 3.141593 -5200.479877

1.971195 0.000000 8482.718347
1.971195 0.061600 0.000000
1.971195 0.123200 0.000000
1.971195 0.184800 0.000000
1.971195 0.246399 0.000000
1.971195 0.307999 0.000000
1.971195 0.369599 0.000000
1.971195 0.431199 0.000000
1.971195 0.492799 0.000000
1.971195 0.554399 0.000000
1.971195 0.615999 0.000000
1.971195 0.677598 0.000000
1.971195 0.739198 0.000000
1.971195 0.800798 0.000000
1.971195 0.862398 0.000000
1.971195 0.923998 0.000000
1.971195 0.985598 0.000000
1.971195 1.047198 0.000000
1.971195 1.108797 0.000000
1.971195 1.170397 0.000000
1.971195 1.231997 0.000000
1.971195 1.293597 0.000000
1.971195 1.355197 0.000000
1.971195 1.416797 0.000000
1.971195 1.478397 0.000000
1.971195 1.539996 0.000000
1.971195 1.601596 0.000000
1.971195 1.663196 0.000000
1.971195 1.724796 0.000000
1.971195 1.786396 0.000000
1.971195 1.847996 0.000000
1.971195 1.909596 0.000000
1.971195 1.971195 0.000000
1.971195 2.032795 0.000000
1.971195 2.094395 0.000000
1.971195 2.155995 0.000000
1.971195 2.217595 0.000000
1.971195 2.279195 0.000000
1.971195 2.340795 0.000000
1.971195 2.402394 0.000000
1.971195 2.463994 0.000000
1.971195 2.525594 0.000000
1.971195 2.587194 0.000000
1.971195 2.648794 0.000000
1.971195 2.710394 0.000000
1.971195 2.771994 0.000000
1.971195 2.833593 0.000000
1.971195 2.895193 0.000000
1.971195 2.956793 0.000000
1.971195 3.018393 0.000000
1.971195 3.079993 0.000000
1.971195 3.141593 -1740.015353

2.032795 0.000000 6105.422030
2.032795 0.061600 0.000000
2.032795 0.123200 0.000000
2.032795 0.184800 0.000000
2.032795 0.246399 0.000000
2.032795 0.307999 0.000000
2.032795 0.369599 0.000000
2.032795 0.431199 0.000000
2.032795 0.492799 0.000000
2.032795 0.554399 0.000000
2.032795 0.615999 0.000000
2.032795 0.677598 0.000000
2.032795 0.739198 0.000000
2.032795 0.800798 0.000000
2.032795 0.862398 0.000000
2.032795 0.923998 0.000000
2.032795 0.985598 0.000000
2.032795 1.047198 0.000000
2.032795 1.108797 0.000000
2.032795 1.170397 0.000000
2.032795 1.231997 0.000000
2.032795 1.293597 0.000000
2.032795 1.355197 0.000000
2.032795 1.416797 0.000000
2.032795 1.478397 0.000000
2.032795 1.539996 0.000000
2.032795 1.601596 0.000000
2.032795 1.663196 0.000000
2.032795 1.724796 0.000000
2.032795 1.786396 0.000000
2.032795 1.847996 0.000000
2.032795 1.909596 0.000000
2.032795 1.971195 0.000000
2.032795 2.032795 0.000000
2.032795 2.094395 0.000000
2.032795 2.155995 0.000000
2.032795 2.217595 0.000000
2.032795 2.279195 0.000000
2.032795 2.340795 0.000000
2.032795 2.402394 0.000000
2.032795 2.463994 0.000000
2.032795 2.525594 0.000000
2.032795 2.587194 0.000000
2.032795 2.648794 0.000000
2.032795 2.710394 0.000000
2.032795 2.771994 0.000000
2.032795 2.833593 0.000000
2.032795 2.895193 0.000000
2.032795 2.956793 0.000000
2.032795 3.018393 0.000000
2.032795 3.079993 0.000000
2.032795 3.141593 1977.870124

2.094395 0.000000 2824.878769
2.094395 0.061600 0.000000
2.094395 0.123200 0.000000
2.094395 0.184800 0.000000
2.094395 0.246399 0.000000
2.094395 0.307999 0.000000
2.094395 0.369599 0.000000
2.094395 0.431199 0.000000
2.094395 0.492799 0.000000
2.094395 0.554399 0.000000
2.094395 0.615999 0.000000
2.094395 0.677598 0.000000
2.094395 0.739198 0.000000
2.094395 0.800798 0.000000
2.094395 0.862398 0.000000
2.094395 0.923998 0.000000
2.094395 0.985598 0.000000
2.094395 1.047198 0.000000
2.094395 1.108797 0.000000
2.094395 1.170397 0.000000
2.094395 1.231997 0.000000
2.094395 1.293597 0.000000
2.094395 1.355197 0.000000
2.094395 1.416797 0.000000
2.094395 1.478397 0.000000
2.094395 1.539996 0.000000
2.094395 1.601596 0.000000
2.094395 1.663196 0.000000
2.094395 1.724796 0.000000
2.094395 1.786396 0.000000
2.094395 1.847996 0.000000
2.094395 1.909596 0.000000
2.094395 1.971195 0.000000
2.094395 2.032795 0.000000
2.094395 2.094395 0.000000
2.094395 2.155995 0.000000
2.094395 2.217595 0.000000
2.094395 2.279195 0.000000
2.094395 2.340795 0.000000
2.094395 2.402394 0.000000
2.094395 2.463994 0.000000
2.094395 2.525594 0.000000
2.094395 2.587194 0.000000
2.094395 2.648794 0.000000
2.094395 2.710394 0.000000
2.094395 2.771994 0.000000
2.094395 2.833593 0.000000
2.094395 2.895193 0.000000
2.094395 2.956793 0.000000
2.094395 3.018393 0.000000
2.094395 3.079993 0.000000
2.094395 3.141593 5403.145993

2.155995 0.000000 -873.582059
2.155995 0.061600 0.000000
2.155995 0.123200 0.000000
2.155995 0.184800 0.000000
2.155995 0.246399 0.000000
2.155995 0.307999 0.000000
2.155995 0.369599 0.000000
2.155995 0.431199 0.000000
2.155995 0.492799 0.000000
2.155995 0.554399 0.000000
2.155995 0.615999 0.000000
2.155995 0.677598 0.000000
2.155995 0.739198 0.000000
2.155995 0.800798 0.000000
2.155995 0.862398 0.000000
2.155995 0.923998 0.000000
2.155995 0.985598 0.000000
2.155995 1.047198 0.000000
2.155995 1.108797 0.000000
2.155995 1.170397 0.000000
2.155995 1.231997 0.000000
2.155995 1.293597 0.000000
2.155995 1.355197 0.000000
2.155995 1.416797 0.000000
2.155995 1.478397 0.000000
2.155995 1.539996 0.000000
2.155995 1.601596 0.000000
2.155995 1.663196 0.000000
2.155995 1.724796 0.000000
2.155995 1.786396 0.000000
2.155995 1.847996 0.000000
2.155995 1.909596 0.000000
2.155995 1.971195 0.000000
2.155995 2.032795 0.000000
2.155995 2.094395 0.000000
2.155995 2.155995 0.000000
2.155995 2.217595 0.000000
2.155995 2.279195 0.000000
2.155995 2.340795 0.000000
2.155995 2.402394 0.000000
2.155995 2.463994 0.000000
2.155995 2.525594 0.000000
2.155995 2.587194 0.000000
2.155995 2.648794 0.000000
2.155995 2.710394 0.000000
2.155995 2.771994 0.000000
2.155995 2.833593 0.000000
2.155995 2.895193 0.000000
2.155995 2.956793 0.000000
2.155995 3.018393 0.000000
2.155995 3.079993 0.000000
2.155995 3.141593 8029.070877

2.217595 0.000000 -4442.803610
2.217595 0.061600 0.000000
2.217595 0.123200 0.000000
2.217595 0.184800 0.000000
2.217595 0.246399 0.000000
2.217595 0.307999 0.000000
2.217595 0.369599 0.000000
2.217595 0.431199 0.000000
2.217595 0.492799 0.000000
2.217595 0.554399 0.000000
2.217595 0.615999 0.000000
2.217595 0.677598 0.000000
2.217595 0.739198 0.000000
2.217595 0.800798 0.000000
2.217595 0.862398 0.000000
2.217595 0.923998 0.000000
2.217595 0.985598 0.000000
2.217595 1.047198 0.000000
2.217595 1.108797 0.000000
2.217595 1.170397 0.000000
2.217595 1.231997 0.000000
2.217595 1.293597 0.000000
2.217595 1.355197 0.000000
2.217595 1.416797 0.000000
2.217595 1.478397 0.000000
2.217595 1.539996 0.000000
2.217595 1.601596 0.000000
2.217595 1.663196 0.000000
2.217595 1.724796 0.000000
2.217595 1.786396 0.000000
2.217595 1.847996 0.000000
2.217595 1.909596 0.000000
2.217595 1.971195 0.000000
2.217595 2.032795 0.000000
2.217595 2.094395 0.000000
2.217595 2.155995 0.000000
2.217595 2.217595 0.000000
2.217595 2.279195 0.000000
2.217595 2.340795 0.000000
2.217595 2.402394 0.000000
2.217595 2.463994 0.000000
2.217595 2.525594 0.000000
2.217595 2.587194 0.000000
2.217595 2.648794 0.000000
2.217595 2.710394 0.000000
2.217595 2.771994 0.000000
2.217595 2.833593 0.000000
2.217595 2.895193 0.000000
2.217595 2.956793 0.000000
2.217595 3.018393 0.000000
2.217595 3.079993 0.000000
2.217595 3.141593 9467.160801

2.279195 0.000000 -7354.748930
2.279195 0.061600 0.000000
2.279195 0.123200 0.000000
2.279195 0.184800 0.000000
2.279195 0.246399 0.000000
2.279195 0.307999 0.000000
2.279195 0.369599 0.000000
2.279195 0.431199 0.000000
2.279195 0.492799 0.000000
2.279195 0.554399 0.000000
2.279195 0.615999 0.000000
2.279195 0.677598 0.000000
2.279195 0.739198 0.000000
2.279195 0.800798 0.000000
2.279195 0.862398 0.000000
2.279195 0.923998 0.000000
2.279195 0.985598 0.000000
2.279195 1.047198 0.000000
2.279195 1.108797 0.000000
2.279195 1.170397 0.000000
2.279195 1.231997 0.000000
2.279195 1.293597 0.000000
2.279195 1.355197 0.000000
2.279195 1.416797 0.000000
2.279195 1.478397 0.000000
2.279195 1.539996 0.000000
2.279195 1.601596 0.000000
2.279195 1.663196 0.000000
2.279195 1.724796 0.000000
2.279195 1.786396 0.000000
2.279195 1.847996 0.000000
2.279195 1.909596 0.000000
2.279195 1.971195 0.000000
2.279195 2.032795 0.000000
2.279195 2.094395 0.000000
2.279195 2.155995 0.000000
2.279195 2.217595 0.000000
2.279195 2.279195 0.000000
2.279195 2.340795 0.000000
2.279195 2.402394 0.000000
2.279195 2.463994 0.000000
2.279195 2.525594 0.000000
2.279195 2.587194 0.000000
2.279195 2.648794 0.000000
2.279195 2.710394 0.000000
2.279195 2.771994 0.000000
2.279195 2.833593 0.000000
2.279195 2.895193 0.000000
2.279195 2.956793 0.000000
2.279195 3.018393 0.000000
2.279195 3.079993 0.000000
2.279195 3.141593 9504.662195

2.340795 0.000000 -9178.619672
2.340795 0.061600 0.000000
2.340795 0.123200 0.000000
2.340795 0.184800 0.000000
2.340795 0.246399 0.000000
2.340795 0.307999 0.000000
2.340795 0.369599 0.000000
2.340795 0.431199 0.000000
2.340795 0.492799 0.000000
2.340795 0.554399 0.000000
2.340795 0.615999 0.000000
2.340795 0.677598 0.000000
2.340795 0.739198 0.000000
2.340795 0.800798 0.000000
2.340795 0.862398 0.000000
2.340795 0.923998 0.000000
2.340795 0.985598 0.000000
2.340795 1.047198 0.000000
2.340795 1.108797 0.000000
2.340795 1.170397 0.000000
2.340795 1.231997 0.000000
2.340795 1.293597 0.000000
2.340795 1.355197 0.000000
2.340795 1.416797 0.000000
2.340795 1.478397 0.000000
2.340795 1.539996 0.000000
2.340795 1.601596 0.000000
2.340795 1.663196 0.000000
2.340795 1.724796 0.000000
2.340795 1.786396 0.000000
2.340795 1.847996 0.000000
2.340795 1.909596 0.000000
2.340795 1.971195 0.000000
2.340795 2.032795 0.000000
2.340795 2.094395 0.000000
2.340795 2.155995 0.000000
2.340795 2.217595 0.000000
2.340795 2.279195 0.000000
2.340795 2.340795 0.000000
2.340795 2.402394 0.000000
2.340795 2.463994 0.000000
2.340795 2.525594 0.000000
2.340795 2.587194 0.000000
2.340795 2.648794 0.000000
2.340795 2.710394 0.000000
2.340795 2.771994 0.000000
2.340795 2.833593 0.000000
2.340795 2.895193 0.000000
2.340795 2.956793 0.000000
2.340795 3.018393 0.000000
2.340795 3.079993 0.000000
2.340795 3.141593 8136.027037

2.402394 0.000000 -9644.589169
2.402394 0.061600 0.000000
2.402394 0.123200 0.000000
2.402394 0.184800 0.000000
2.402394 0.246399 0.000000
2.402394 0.307999 0.000000
2.402394 0.369599 0.000000
2.402394 0.431199 0.000000
2.402394 0.492799 0.000000
2.402394 0.554399 0.000000
2.402394 0.615999 0.000000
2.402394 0.677598 0.000000
2.402394 0.739198 0.000000
2.402394 0.800798 0.000000
2.402394 0.862398 0.000000
2.402394 0.923998 0.000000
2.402394 0.985598 0.000000
2.402394 1.047198 0.000000
2.402394 1.108797 0.000000
2.402394 1.170397 0.000000
2.402394 1.231997 0.000000
2.402394 1.293597 0.000000
2.402394 1.355197 0.000000
2.402394 1.416797 0.000000
2.402394 1.478397 0.000000
2.402394 1.539996 0.000000
2.402394 1.601596 0.000000
2.402394 1.663196 0.000000
2.402394 1.724796 0.000000
2.402394 1.786396 0.000000
2.402394 1.847996 0.000000
2.402394 1.909596 0.000000
2.402394 1.971195 0.000000
2.402394 2.032795 0.000000
2.402394 2.094395 0.000000
2.402394 2.155995 0.000000
2.402394 2.217595 0.000000
2.402394 2.279195 0.000000
2.402394 2.340795 0.000000
2.402394 2.402394 0.000000
2.402394 2.463994 0.000000
2.402394 2.525594 0.000000
2.402394 2.587194 0.000000
2.402394 2.648794 0.000000
2.402394 2.710394 0.000000
2.402394 2.771994 0.000000
2.402394 2.833593 0.000000
2.402394 2.895193 0.000000
2.402394 2.956793 0.000000
2.402394 3.018393 0.000000
2.402394 3.079993 0.000000
2.402394 3.141593 5563.733634

2.463994 0.000000 -8683.721069
2.463994 0.061600 0.000000
2.463994 0.123200 0.000000
2.463994 0.184800 0.000000
2.463994 0.246399 0.000000
2.463994 0.307999 0.000000
2.463994 0.369599 0.000000
2.463994 0.431199 0.000000
2.463994 0.492799 0.000000
2.463994 0.554399 0.000000
2.463994 0.615999 0.000000
2.463994 0.677598 0.000000
2.463994 0.739198 0.000000
2.463994 0.800798 0.000000
2.463994 0.862398 0.000000
2.463994 0.923998 0.000000
2.463994 0.985598 0.000000
2.463994 1.047198 0.000000
2.463994 1.108797 0.000000
2.463994 1.170397 0.000000
2.463994 1.231997 0.000000
2.463994 1.293597 0.000000
2.463994 1.355197 0.000000
2.463994 1.416797 0.000000
2.463994 1.478397 0.000000
2.463994 1.539996 0.000000
2.463994 1.601596 0.000000
2.463994 1.663196 0.000000
2.463994 1.724796 0.000000
2.463994 1.786396 0.000000
2.463994 1.847996 0.000000
2.463994 1.909596 0.000000
2.463994 1.971195 0.000000
2.463994 2.032795 0.000000
2.463994 2.094395 0.000000
2.463994 2.155995 0.000000
2.463994 2.217595 0.000000
2.463994 2.279195 0.000000
2.463994 2.340795 0.000000
2.463994 2.402394 0.000000
2.463994 2.463994 0.000000
2.463994 2.525594 0.000000
2.463994 2.587194 0.000000
2.463994 2.648794 0.000000
2.463994 2.710394 0.000000
2.463994 2.771994 0.000000
2.463994 2.833593 0.000000
2.463994 2.895193 0.000000
2.463994 2.956793 0.000000
2.463994 3.018393 0.000000
2.463994 3.079993 0.000000
2.463994 3.141593 2168.331627

2.525594 0.000000 -6438.167901
2.525594 0.061600 0.000000
2.525594 0.123200 0.000000
2.525594 0.184800 0.000000
2.525594 0.246399 0.000000
2.525594 0.307999 0.000000
2.525594 0.369599 0.000000
2.525594 0.431199 0.000000
2.525594 0.492799 0.000000
2.525594 0.554399 0.000000
2.525594 0.615999 0.000000
2.525594 0.677598 0.000000
2.525594 0.739198 0.000000
2.525594 0.800798 0.000000
2.525594 0.862398 0.000000
2.525594 0.923998 0.000000
2.525594 0.985598 0.000000
2.525594 1.047198 0.000000
2.525594 1.108797 0.000000
2.525594 1.170397 0.000000
2.525594 1.231997 0.000000
2.525594 1.293597 0.000000
2.525594 1.355197 0.000000
2.525594 1.416797 0.000000
2.525594 1.478397 0.000000
2.525594 1.539996 0.000000
2.525594 1.601596 0.000000
2.525594 1.663196 0.000000
2.525594 1.724796 0.000000
2.525594 1.786396 0.000000
2.525594 1.847996 0.000000
2.525594 1.909596 0.000000
2.525594 1.971195 0.000000
2.525594 2.032795 0.000000
2.525594 2.094395 0.000000
2.525594 2.155995 0.000000
2.525594 2.217595 0.000000
2.525594 2.279195 0.000000
2.525594 2.340795 0.000000
2.525594 2.402394 0.000000
2.525594 2.463994 0.000000
2.525594 2.525594 0.000000
2.525594 2.587194 0.000000
2.525594 2.648794 0.000000
2.525594 2.710394 0.000000
2.525594 2.771994 0.000000
2.525594 2.833593 0.000000
2.525594 2.895193 0.000000
2.525594 2.956793 0.000000
2.525594 3.018393 0.000000
2.525594 3.079993 0.000000
2.525594 3.141593 -1547.857199

2.587194 0.000000 -3240.140775
2.587194 0.061600 0.000000
2.587194 0.123200 0.000000
2.587194 0.184800 0.000000
2.587194 0.246399 0.000000
2.587194 0.307999 0.000000
2.587194 0.369599 0.000000
2.587194 0.431199 0.000000
2.587194 0.492799 0.000000
2.587194 0.554399 0.000000
2.587194 0.615999 0.000000
2.587194 0.677598 0.000000
2.587194 0.739198 0.000000
2.587194 0.800798 0.000000
2.587194 0.862398 0.000000
2.587194 0.923998 0.000000
2.587194 0.985598 0.000000
2.587194 1.047198 0.000000
2.587194 1.108797 0.000000
2.587194 1.170397 0.000000
2.587194 1.231997 0.000000
2.587194 1.293597 0.000000
2.587194 1.355197 0.000000
2.587194 1.416797 0.000000
2.587194 1.478397 0.000000
2.587194 1.539996 0.000000
2.587194 1.601596 0.000000
2.587194 1.663196 0.000000
2.587194 1.724796 0.000000
2.587194 1.786396 0.000000
2.587194 1.847996 0.000000
2.587194 1.909596 0.000000
2.587194 1.971195 0.000000
2.587194 2.032795 0.000000
2.587194 2.094395 0.000000
2.587194 2.155995 0.000000
2.587194 2.217595 0.000000
2.587194 2.279195 0.000000
2.587194 2.340795 0.000000
2.587194 2.402394 0.000000
2.587194 2.463994 0.000000
2.587194 2.525594 0.000000
2.587194 2.587194 0.000000
2.587194 2.648794 0.000000
2.587194 2.710394 0.000000
2.587194 2.771994 0.000000
2.587194 2.833593 0.000000
2.587194 2.895193 0.000000
2.587194 2.956793 0.000000
2.587194 3.018393 0.000000
2.587194 3.079993 0.000000
2.587194 3.141593 -5035.053291

2.648794 0.000000 437.238514
2.648794 0.061600 0.000000
2.648794 0.123200 0.000000
2.648794 0.184800 0.000000
2.648794 0.246399 0.000000
2.648794 0.307999 0.000000
2.648794 0.369599 0.000000
2.648794 0.431199 0.000000
2.648794 0.492799 0.000000
2.648794 0.554399 0.000000
2.648794 0.615999 0.000000
2.648794 0.677598 0.000000
2.648794 0.739198 0.000000
2.648794 0.800798 0.000000
2.648794 0.862398 0.000000
2.648794 0.923998 0.000000
2.648794 0.985598 0.000000
2.648794 1.047198 0.000000
2.648794 1.108797 0.000000
2.648794 1.170397 0.000000
2.648794 1.231997 0.000000
2.648794 1.293597 0.000000
2.648794 1.355197 0.000000
2.648794 1.416797 0.000000
2.648794 1.478397 0.000000
2.648794 1.539996 0.000000
2.648794 1.601596 0.000000
2.648794 1.663196 0.000000
2.648794 1.724796 0.000000
2.648794 1.786396 0.000000
2.648794 1.847996 0.000000
2.648794 1.909596 0.000000
2.648794 1.971195 0.000000
2.648794 2.032795 0.000000
2.648794 2.094395 0.000000
2.648794 2.155995 0.000000
2.648794 2.217595 0.000000
2.648794 2.279195 0.000000
2.648794 2.340795 0.000000
2.648794 2.402394 0.000000
2.648794 2.463994 0.000000
2.648794 2.525594 0.000000
2.648794 2.587194 0.000000
2.648794 2.648794 0.000000
2.648794 2.710394 0.000000
2.648794 2.771994 0.000000
2.648794 2.833593 0.000000
2.648794 2.895193 0.000000
2.648794 2.956793 0.000000
2.648794 3.018393 0.000000
2.648794 3.079993 0.000000
2.648794 3.141593 -7777.354685

2.710394 0.000000 4049.931963
2.710394 0.061600 0.000000
2.710394 0.123200 0.000000
2.710394 0.184800 0.000000
2.710394 0.246399 0.000000
2.710394 0.307999 0.000000
2.710394 0.369599 0.000000
2.710394 0.431199 0.000000
2.710394 0.492799 0.000000
2.710394 0.554399 0.000000
2.710394 0.615999 0.000000
2.710394 0.677598 0.000000
2.710394 0.739198 0.000000
2.710394 0.800798 0.000000
2.710394 0.862398 0.000000
2.710394 0.923998 0.000000
2.710394 0.985598 0.000000
2.710394 1.047198 0.000000
2.710394 1.108797 0.000000
2.710394 1.170397 0.000000
2.710394 1.231997 0.000000
2.710394 1.293597 0.000000
2.710394 1.355197 0.000000
2.710394 1.416797 0.000000
2.710394 1.478397 0.000000
2.710394 1.539996 0.000000
2.710394 1.601596 0.000000
2.710394 1.663196 0.000000
2.710394 1.724796 0.000000
2.710394 1.786396 0.000000
2.710394 1.847996 0.000000
2.710394 1.909596 0.000000
2.710394 1.971195 0.000000
2.710394 2.032795 0.000000
2.710394 2.094395 0.000000
2.710394 2.155995 0.000000
2.710394 2.217595 0.000000
2.710394 2.279195 0.000000
2.710394 2.340795 0.000000
2.710394 2.402394 0.000000
2.710394 2.463994 0.000000
2.710394 2.525594 0.000000
2.710394 2.587194 0.000000
2.710394 2.648794 0.000000
2.710394 2.710394 0.000000
2.710394 2.771994 0.000000
2.710394 2.833593 0.000000
2.710394 2.895193 0.000000
2.710394 2.956793 0.000000
2.710394 3.018393 0.000000
2.710394 3.079993 0.000000
2.710394 3.141593 -9369.060458

2.771994 0.000000 7063.471307
2.771994 0.061600 0.000000
2.771994 0.123200 0.000000
2.771994 0.184800 0.000000
2.771994 0.246399 0.000000
2.771994 0.307999 0.000000
2.771994 0.369599 0.000000
2.771994 0.431199 0.000000
2.771994 0.492799 0.000000
2.771994 0.554399 0.000000
2.771994 0.615999 0.000000
2.771994 0.677598 0.000000
2.771994 0.739198 0.000000
2.771994 0.800798 0.000000
2.771994 0.862398 0.000000
2.771994 0.923998 0.000000
2.771994 0.985598 0.000000
2.771994 1.047198 0.000000
2.771994 1.108797 0.000000
2.771994 1.170397 0.000000
2.771994 1.231997 0.000000
2.771994 1.293597 0.000000
2.771994 1.355197 0.000000
2.771994 1.416797 0.000000
2.771994 1.478397 0.000000
2.771994 1.539996 0.000000
2.771994 1.601596 0.000000
2.771994 1.663196 0.000000
2.771994 1.724796 0.000000
2.771994 1.786396 0.000000
2.771994 1.847996 0.000000
2.771994 1.909596 0.000000
2.771994 1.971195 0.000000
2.771994 2.032795 0.000000
2.771994 2.094395 0.000000
2.771994 2.155995 0.000000
2.771994 2.217595 0.000000
2.771994 2.279195 0.000000
2.771994 2.340795 0.000000
2.771994 2.402394 0.000000
2.771994 2.463994 0.000000
2.771994 2.525594 0.000000
2.771994 2.587194 0.000000
2.771994 2.648794 0.000000
2.771994 2.710394 0.000000
2.771994 2.771994 0.000000
2.771994 2.833593 0.000000
2.771994 2.895193 0.000000
2.771994 2.956793 0.000000
2.771994 3.018393 0.000000
2.771994 3.079993 0.000000
2.771994 3.141593 -9574.690839

2.833593 0.000000 9032.028201
2.833593 0.061600 0.000000
2.833593 0.123200 0.000000
2.833593 0.184800 0.000000
2.833593 0.246399 0.000000
2.833593 0.307999 0.000000
2.833593 0.369599 0.000000
2.833593 0.431199 0.000000
2.833593 0.492799 0.000000
2.833593 0.554399 0.000000
2.833593 0.615999 0.000000
2.833593 0.677598 0.000000
2.833593 0.739198 0.000000
2.833593 0.800798 0.000000
2.833593 0.862398 0.000000
2.833593 0.923998 0.000000
2.833593 0.985598 0.000000
2.833593 1.047198 0.000000
2.833593 1.108797 0.000000
2.833593 1.170397 0.000000
2.833593 1.231997 0.000000
2.833593 1.293597 0.000000
2.833593 1.355197 0.000000
2.833593 1.416797 0.000000
2.833593 1.478397 0.000000
2.833593 1.539996 0.000000
2.833593 1.601596 0.000000
2.833593 1.663196 0.000000
2.833593 1.724796 0.000000
2.833593 1.786396 0.000000
2.833593 1.847996 0.000000
2.833593 1.909596 0.000000
2.833593 1.971195 0.000000
2.833593 2.032795 0.000000
2.833593 2.094395 0.000000
2.833593 2.155995 0.000000
2.833593 2.217595 0.000000
2.833593 2.279195 0.000000
2.833593 2.340795 0.000000
2.833593 2.402394 0.000000
2.833593 2.463994 0.000000
2.833593 2.525594 0.000000
2.833593 2.587194 0.000000
2.833593 2.648794 0.000000
2.833593 2.710394 0.000000
2.833593 2.771994 0.000000
2.833593 2.833593 0.000000
2.833593 2.895193 0.000000
2.833593 2.956793 0.000000
2.833593 3.018393 0.000000
2.833593 3.079993 0.000000
2.833593 3.141593 -8363.824506

2.895193 0.000000 9664.370852
2.895193 0.061600 0.000000
2.895193 0.123200 0.000000
2.895193 0.184800 0.000000
2.895193 0.246399 0.000000
2.895193 0.307999 0.000000
2.895193 0.369599 0.000000
2.895193 0.431199 0.000000
2.895193 0.492799 0.000000
2.895193 0.554399 0.000000
2.895193 0.615999 0.000000
2.895193 0.677598 0.000000
2.895193 0.739198 0.000000
2.895193 0.800798 0.000000
2.895193 0.862398 0.000000
2.895193 0.923998 0.000000
2.895193 0.985598 0.000000
2.895193 1.047198 0.000000
2.895193 1.108797 0.000000
2.895193 1.170397 0.000000
2.895193 1.231997 0.000000
2.895193 1.293597 0.000000
2.895193 1.355197 0.000000
2.895193 1.416797 0.000000
2.895193 1.478397 0.000000
2.895193 1.539996 0.000000
2.895193 1.601596 0.000000
2.895193 1.663196 0.000000
2.895193 1.724796 0.000000
2.895193 1.786396 0.000000
2.895193 1.847996 0.000000
2.895193 1.909596 0.000000
2.895193 1.971195 0.000000
2.895193 2.032795 0.000000
2.895193 2.094395 0.000000
2.895193 2.155995 0.000000
2.895193 2.217595 0.000000
2.895193 2.279195 0.000000
2.895193 2.340795 0.000000
2.895193 2.402394 0.000000
2.895193 2.463994 0.000000
2.895193 2.525594 0.000000
2.895193 2.587194 0.000000
2.895193 2.648794 0.000000
2.895193 2.710394 0.000000
2.895193 2.771994 0.000000
2.895193 2.833593 0.000000
2.895193 2.895193 0.000000
2.895193 2.956793 0.000000
2.895193 3.018393 0.000000
2.895193 3.079993 0.000000
2.895193 3.141593 -5915.599168

2.956793 0.000000 8866.949368
2.956793 0.061600 0.000000
2.956793 0.123200 0.000000
2.956793 0.184800 0.000000
2.956793 0.246399 0.000000
2.956793 0.307999 0.000000
2.956793 0.369599 0.000000
2.956793 0.431199 0.000000
2.956793 0.492799 0.000000
2.956793 0.554399 0.000000
2.956793 0.615999 0.000000
2.956793 0.677598 0.000000
2.956793 0.739198 0.000000
2.956793 0.800798 0.000000
2.956793 0.862398 0.000000
2.956793 0.923998 0.000000
2.956793 0.985598 0.000000
2.956793 1.047198 0.000000
2.956793 1.108797 0.000000
2.956793 1.170397 0.000000
2.956793 1.231997 0.000000
2.956793 1.293597 0.000000
2.956793 1.355197 0.000000
2.956793 1.416797 0.000000
2.956793 1.478397 0.000000
2.956793 1.539996 0.000000
2.956793 1.601596 0.000000
2.956793 1.663196 0.000000
2.956793 1.724796 0.000000
2.956793 1.786396 0.000000
2.956793 1.847996 0.000000
2.956793 1.909596 0.000000
2.956793 1.971195 0.000000
2.956793 2.032795 0.000000
2.956793 2.094395 0.000000
2.956793 2.155995 0.000000
2.956793 2.217595 0.000000
2.956793 2.279195 0.000000
2.956793 2.340795 0.000000
2.956793 2.402394 0.000000
2.956793 2.463994 0.000000
2.956793 2.525594 0.000000
2.956793 2.587194 0.000000
2.956793 2.648794 0.000000
2.956793 2.710394 0.000000
2.956793 2.771994 0.000000
2.956793 2.833593 0.000000
2.956793 2.895193 0.000000
2.956793 2.956793 0.000000
2.956793 3.018393 0.000000
2.956793 3.079993 0.000000
2.956793 3.141593 -2592.209615

3.018393 0.000000 6757.735697
3.018393 0.061600 0.000000
3.018393 0.123200 0.000000
3.018393 0.184800 0.000000
3.018393 0.246399 0.000000
3.018393 0.307999 0.000000
3.018393 0.369599 0.000000
3.018393 0.431199 0.000000
3.018393 0.492799 0.000000
3.018393 0.554399 0.000000
3.018393 0.615999 0.000000
3.018393 0.677598 0.000000
3.018393 0.739198 0.000000
3.018393 0.800798 0.000000
3.018393 0.862398 0.000000
3.018393 0.923998 0.000000
3.018393 0.985598 0.000000
3.018393 1.047198 0.000000
3.018393 1.108797 0.000000
3.018393 1.170397 0.000000
3.018393 1.231997 0.000000
3.018393 1.293597 0.000000
3.018393 1.355197 0.000000
3.018393 1.416797 0.000000
3.018393 1.478397 0.000000
3.018393 1.539996 0.000000
3.018393 1.601596 0.000000
3.018393 1.663196 0.000000
3.018393 1.724796 0.000000
3.018393 1.786396 0.000000
3.018393 1.847996 0.000000
3.018393 1.909596 0.000000
3.018393 1.971195 0.000000
3.018393 2.032795 0.000000
3.018393 2.094395 0.000000
3.018393 2.155995 0.000000
3.018393 2.217595 0.000000
3.018393 2.279195 0.000000
3.018393 2.340795 0.000000
3.018393 2.402394 0.000000
3.018393 2.463994 0.000000
3.018393 2.525594 0.000000
3.018393 2.587194 0.000000
3.018393 2.648794 0.000000
3.018393 2.710394 0.000000
3.018393 2.771994 0.000000
3.018393 2.833593 0.000000
3.018393 2.895193 0.000000
3.018393 2.956793 0.000000
3.018393 3.018393 0.000000
3.018393 3.079993 0.000000
3.018393 3.141593 1114.676017

3.079993 0.000000 3648.770643
3.079993 0.061600 0.000000
3.079993 0.123200 0.000000
3.079993 0.184800 0.000000
3.079993 0.246399 0.000000
3.079993 0.307999 0.000000
3.079993 0.369599 0.000000
3.079993 0.431199 0.000000
3.079993 0.492799 0.000000
3.079993 0.554399 0.000000
3.079993 0.615999 0.000000
3.079993 0.677598 0.000000
3.079993 0.739198 0.000000
3.079993 0.800798 0.000000
3.079993 0.862398 0.000000
3.079993 0.923998 0.000000
3.079993 0.985598 0.000000
3.079993 1.047198 0.000000
3.079993 1.108797 0.000000
3.079993 1.170397 0.000000
3.079993 1.231997 0.000000
3.079993 1.293597 0.000000
3.079993 1.355197 0.000000
3.079993 1.416797 0.000000
3.079993 1.478397 0.000000
3.079993 1.539996 0.000000
3.079993 1.601596 0.000000
3.079993 1.663196 0.000000
3.079993 1.724796 0.000000
3.079993 1.786396 0.000000
3.079993 1.847996 0.000000
3.079993 1.909596 0.000000
3.079993 1.971195 0.000000
3.079993 2.032795 0.000000
3.079993 2.094395 0.000000
3.079993 2.155995 0.000000
3.079993 2.217595 0.000000
3.079993 2.279195 0.000000
3.079993 2.340795 0.000000
3.079993 2.402394 0.000000
3.079993 2.463994 0.000000
3.079993 2.525594 0.000000
3.079993 2.587194 0.000000
3.079993 2.648794 0.000000
3.079993 2.710394 0.000000
3.079993 2.771994 0.000000
3.079993 2.833593 0.000000
3.079993 2.895193 0.000000
3.079993 2.956793 0.000000
3.079993 3.018393 0.000000
3.079993 3.079993 0.000000
3.079993 3.141593 4656.654505

3.141593 0.000000 0.000000
3.141593 0.061600 0.000000
3.141593 0.123200 0.000000
3.141593 0.184800 0.000000
3.141593 0.246399 0.000000
3.141593 0.307999 0.000000
3.141593 0.369599 0.000000
3.141593 0.431199 0.000000
3.141593 0.492799 0.000000
3.141593 0.554399 0.000000
3.141593 0.615999 0.000000
3.141593 0.677598 0.000000
3.141593 0.739198 0.000000
3.141593 0.800798 0.000000
3.141593 0.862398 0.000000
3.141593 0.923998 0.000000
3.141593 0.985598 0.000000
3.141593 1.047198 0.000000
3.141593 1.108797 0.000000
3.141593 1.170397 0.000000
3.141593 1.231997 0.000000
3.141593 1.293597 0.000000
3.141593 1.355197 0.000000
3.141593 1.416797 0.000000
3.141593 1.478397 0.000000
3.141593 1.539996 0.000000
3.141593 1.601596 0.000000
3.141593 1.663196 0.000000
3.141593 1.724796 0.000000
3.141593 1.786396 0.000000
3.141593 1.847996 0.000000
3.141593 1.909596 0.000000
3.141593 1.971195 0.000000
3.141593 2.032795 0.000000
3.141593 2.094395 0.000000
3.141593 2.155995 0.000000
3.141593 2.217595 0.000000
3.141593 2.279195 0.000000
3.141593 2.340795 0.000000
3.141593 2.402394 0.000000
3.141593 2.463994 0.000000
3.141593 2.525594 0.000000
3.141593 2.587194 0.000000
3.141593 2.648794 0.000000
3.141593 2.710394 0.000000
3.141593 2.771994 0.000000
3.141593 2.833593 0.000000
3.141593 2.895193 0.000000
3.141593 2.956793 0.000000
3.141593 3.018393 0.000000
3.141593 3.079993 0.000000
3.141593 3.141593 0.000000

