###########
# Tempo Método GS: 0.042157 ms.
#
# Norma L2 do Residuo
# i=1: 109046480.767825
# i=2: 79618813.190943
# i=3: 66868074.953857
# i=4: 59593286.033448
# i=5: 54550078.496933
# i=6: 50574067.900000
# i=7: 47078039.085641
# i=8: 43681033.627688
# i=9: 40147553.086458
# i=10: 36383431.025285
# i=11: 32409234.614980
# i=12: 28319510.156686
# i=13: 24245853.493165
# i=14: 20327994.238068
# i=15: 16692378.647790
# i=16: 13435926.425673
# i=17: 10614835.819045
# i=18: 8242600.065452
# i=19: 6298408.330919
# i=20: 4740347.669994
# i=21: 3516936.908049
# i=22: 2575057.304952
# i=23: 1862796.622642
# i=24: 1332671.884326
# i=25: 943665.957334
# i=26: 661839.793739
# i=27: 460019.663109
# i=28: 317021.154977
# i=29: 216692.027933
# i=30: 146945.841616
# i=31: 98882.413751
# i=32: 66038.299861
# i=33: 43776.824529
# i=34: 28808.292399
# i=35: 18822.304350
# i=36: 12211.714307
# i=37: 7868.816165
# i=38: 5036.958676
# i=39: 3203.833061
# i=40: 2025.582934
# i=41: 1273.399380
# i=42: 796.319977
# i=43: 495.573487
# i=44: 307.061785
# i=45: 189.515632
# i=46: 116.564702
# i=47: 71.479441
# i=48: 43.717527
# i=49: 26.676514
# i=50: 16.244402
# i=51: 9.872812
# i=52: 5.989080
# i=53: 3.626119
# i=54: 2.190956
# i=55: 1.320861
# i=56: 0.794362
# i=57: 0.476451
# i=58: 0.284943
# i=59: 0.169885
# i=60: 0.100957
# i=61: 0.059794
# i=62: 0.035294
# i=63: 0.020762
# i=64: 0.012173
# i=65: 0.007115
# i=66: 0.004147
# i=67: 0.002410
# i=68: 0.001398
# i=69: 0.000809
# i=70: 0.000468
# i=71: 0.000270
# i=72: 0.000156
# i=73: 0.000090
# i=74: 0.000052
###########
0.000000 0.000000 0.000000
0.000000 0.241661 0.000000
0.000000 0.483322 0.000000
0.000000 0.724983 0.000000
0.000000 0.966644 0.000000
0.000000 1.208305 0.000000
0.000000 1.449966 0.000000
0.000000 1.691627 0.000000
0.000000 1.933288 0.000000
0.000000 2.174949 0.000000
0.000000 2.416610 0.000000
0.000000 2.658271 0.000000
0.000000 2.899932 0.000000
0.000000 3.141593 0.000000

0.020805 0.000000 6652.192821
0.020805 0.241661 5500.106123
0.020805 0.483322 4308.655390
0.020805 0.724983 3173.090669
0.020805 0.966644 2035.842247
0.020805 1.208305 990.455854
0.020805 1.449966 -43.028267
0.020805 1.691627 -960.510835
0.020805 1.933288 -1855.422094
0.020805 2.174949 -2612.472010
0.020805 2.416610 -3337.470472
0.020805 2.658271 -3907.121258
0.020805 2.899932 -4392.735397
0.020805 3.141593 1260.085198

0.041610 0.000000 5681.151720
0.041610 0.241661 4474.766803
0.041610 0.483322 3236.163898
0.041610 0.724983 2114.708409
0.041610 0.966644 981.044679
0.041610 1.208305 -22.592657
0.041610 1.449966 -1025.605141
0.041610 1.691627 -1884.367848
0.041610 1.933288 -2724.768698
0.041610 2.174949 -3406.998230
0.041610 2.416610 -4054.772635
0.041610 2.658271 -4536.765687
0.041610 2.899932 -4917.637559
0.041610 3.141593 2498.667995

0.062416 0.000000 4613.166063
0.062416 0.241661 3382.940489
0.062416 0.483322 2172.310514
0.062416 0.724983 1073.339484
0.062416 0.966644 -6.058211
0.062416 1.208305 -976.758785
0.062416 1.449966 -1907.791601
0.062416 1.691627 -2720.033634
0.062416 1.933288 -3466.728986
0.062416 2.174949 -4087.139197
0.062416 2.416610 -4622.148526
0.062416 2.658271 -5031.912171
0.062416 2.899932 -5279.724405
0.062416 3.141593 3694.612913

0.083221 0.000000 3466.460216
0.083221 0.241661 2259.052188
0.083221 0.483322 1124.774201
0.083221 0.724983 39.643177
0.083221 0.966644 -967.505529
0.083221 1.208305 -1919.852857
0.083221 1.449966 -2763.276563
0.083221 1.691627 -3537.517786
0.083221 1.933288 -4175.747044
0.083221 2.174949 -4739.351274
0.083221 2.416610 -5151.612509
0.083221 2.658271 -5493.520352
0.083221 2.899932 -5605.770838
0.083221 3.141593 4827.512055

0.104026 0.000000 2260.601846
0.104026 0.241661 1091.636044
0.104026 0.483322 24.147045
0.104026 0.724983 -1051.061913
0.104026 0.966644 -1996.085459
0.104026 1.208305 -2919.186026
0.104026 1.449966 -3677.767022
0.104026 1.691627 -4393.426079
0.104026 1.933288 -4927.001692
0.104026 2.174949 -5411.215014
0.104026 2.416610 -5710.245684
0.104026 2.658271 -5962.390654
0.104026 2.899932 -5955.672833
0.104026 3.141593 5878.033356

0.124831 0.000000 1016.168017
0.124831 0.241661 -126.253687
0.124831 0.483322 -1171.813582
0.124831 0.724983 -2218.755224
0.124831 0.966644 -3118.389264
0.124831 1.208305 -3971.828737
0.124831 1.449966 -4653.202797
0.124831 1.691627 -5266.575776
0.124831 1.933288 -5706.179766
0.124831 2.174949 -6071.129089
0.124831 2.416610 -6272.641976
0.124831 2.658271 -6399.518294
0.124831 2.899932 -6294.567480
0.124831 3.141593 6828.250463

0.145637 0.000000 -245.605952
0.145637 0.241661 -1375.845621
0.145637 0.483322 -2429.635045
0.145637 0.724983 -3408.006793
0.145637 0.966644 -4259.647985
0.145637 1.208305 -4993.394749
0.145637 1.449966 -5593.808908
0.145637 1.691627 -6063.294123
0.145637 1.933288 -6410.711676
0.145637 2.174949 -6624.413635
0.145637 2.416610 -6733.603273
0.145637 2.658271 -6710.862846
0.145637 2.899932 -6515.927957
0.145637 3.141593 7661.948641

0.166442 0.000000 -1503.188840
0.166442 0.241661 -2611.401319
0.166442 0.483322 -3650.895189
0.166442 0.724983 -4516.627266
0.166442 0.966644 -5288.400287
0.166442 1.208305 -5871.287176
0.166442 1.449966 -6369.423136
0.166442 1.691627 -6680.393099
0.166442 1.933288 -6921.051806
0.166442 2.174949 -6979.847982
0.166442 2.416610 -6984.337956
0.166442 2.658271 -6816.306924
0.166442 2.899932 -6521.803191
0.166442 3.141593 8364.901460

0.187247 0.000000 -2735.120948
0.187247 0.241661 -3780.051848
0.187247 0.483322 -4733.966479
0.187247 0.724983 -5461.322090
0.187247 0.966644 -6106.115085
0.187247 1.208305 -6540.839377
0.187247 1.449966 -6906.683574
0.187247 1.691627 -7076.711262
0.187247 1.933288 -7186.447982
0.187247 2.174949 -7114.826965
0.187247 2.416610 -6992.844400
0.187247 2.658271 -6709.171032
0.187247 2.899932 -6297.790701
0.187247 3.141593 8925.113563

0.208052 0.000000 -3920.380286
0.208052 0.241661 -4847.508071
0.208052 0.483322 -5638.801197
0.208052 0.724983 -6229.341308
0.208052 0.966644 -6712.029724
0.208052 1.208305 -7025.109608
0.208052 1.449966 -7237.066802
0.208052 1.691627 -7297.525041
0.208052 1.933288 -7258.377739
0.208052 2.174949 -7088.384759
0.208052 2.416610 -6825.826426
0.208052 2.658271 -6459.902405
0.208052 2.899932 -5924.274223
0.208052 3.141593 9333.025353

0.228858 0.000000 -5038.741299
0.228858 0.241661 -5809.842406
0.228858 0.483322 -6404.437565
0.228858 0.724983 -6876.033478
0.228858 0.966644 -7192.791549
0.228858 1.208305 -7407.437215
0.228858 1.449966 -7464.425818
0.228858 1.691627 -7432.898922
0.228858 1.933288 -7245.658531
0.228858 2.174949 -6992.009187
0.228858 2.416610 -6595.106941
0.228858 2.658271 -6161.111335
0.228858 2.899932 -5515.183795
0.228858 3.141593 9581.676124

0.249663 0.000000 -6071.120003
0.249663 0.241661 -6682.401076
0.249663 0.483322 -7105.793612
0.249663 0.724983 -7470.414633
0.249663 0.966644 -7645.158965
0.249663 1.208305 -7758.324309
0.249663 1.449966 -7677.486298
0.249663 1.691627 -7542.586605
0.249663 1.933288 -7226.357256
0.249663 2.174949 -6876.709813
0.249663 2.416610 -6370.420721
0.249663 2.658271 -5856.889396
0.249663 2.899932 -5132.083214
0.249663 3.141593 9666.822840

0.270468 0.000000 -6999.899636
0.270468 0.241661 -7474.741087
0.270468 0.483322 -7783.681871
0.270468 0.724983 -8031.412385
0.270468 0.966644 -8092.238122
0.270468 1.208305 -8073.830883
0.270468 1.449966 -7875.700128
0.270468 1.691627 -7606.186435
0.270468 1.933288 -7185.328933
0.270468 2.174949 -6713.323324
0.270468 2.416610 -6126.692489
0.270468 2.658271 -5511.590873
0.270468 2.899932 -4740.619133
0.270468 3.141593 9587.012535

0.291273 0.000000 -7809.231276
0.291273 0.241661 -8171.374370
0.291273 0.483322 -8402.852589
0.291273 0.724983 -8504.691539
0.291273 0.966644 -8458.745838
0.291273 1.208305 -8273.661179
0.291273 1.449966 -7966.413710
0.291273 1.691627 -7537.530797
0.291273 1.933288 -7026.197647
0.291273 2.174949 -6417.083300
0.291273 2.416610 -5766.970818
0.291273 2.658271 -5042.430223
0.291273 2.899932 -4243.266260
0.291273 3.141593 9343.607112

0.312079 0.000000 -8485.304291
0.312079 0.241661 -8733.543936
0.312079 0.483322 -8870.961306
0.312079 0.724983 -8798.255484
0.312079 0.966644 -8624.687531
0.312079 1.208305 -8260.512342
0.312079 1.449966 -7835.638106
0.312079 1.691627 -7252.144722
0.312079 1.933288 -6648.475909
0.312079 2.174949 -5917.306261
0.312079 2.416610 -5203.112928
0.312079 2.658271 -4390.403977
0.312079 2.899932 -3562.706377
0.312079 3.141593 8940.760101

0.332884 0.000000 -9016.582006
0.332884 0.241661 -9120.809502
0.332884 0.483322 -9103.758185
0.332884 0.724983 -8849.101226
0.332884 0.966644 -8515.610034
0.332884 1.208305 -7994.437604
0.332884 1.449966 -7437.261215
0.332884 1.691627 -6735.177990
0.332884 1.933288 -6029.658356
0.332884 2.174949 -5217.813534
0.332884 2.416610 -4431.205483
0.332884 2.658271 -3574.086819
0.332884 2.899932 -2710.598991
0.332884 3.141593 8385.345781

0.353689 0.000000 -9393.998569
0.353689 0.241661 -9315.717841
0.353689 0.483322 -9085.657972
0.353689 0.724983 -8668.931619
0.353689 0.966644 -8159.033324
0.353689 1.208305 -7524.277208
0.353689 1.449966 -6831.152054
0.353689 1.691627 -6056.825515
0.353689 1.933288 -5248.215070
0.353689 2.174949 -4400.921108
0.353689 2.416610 -3542.763781
0.353689 2.658271 -2684.160370
0.353689 2.899932 -1787.828676
0.353689 3.141593 7686.841877

0.374494 0.000000 -9611.113651
0.374494 0.241661 -9332.369834
0.374494 0.483322 -8878.370604
0.374494 0.724983 -8333.263054
0.374494 0.966644 -7663.083006
0.374494 1.208305 -6951.769651
0.374494 1.449966 -6140.486078
0.374494 1.691627 -5323.192079
0.374494 1.933288 -4429.501641
0.374494 2.174949 -3571.867588
0.374494 2.416610 -2662.791704
0.374494 2.658271 -1822.726170
0.374494 2.899932 -915.703819
0.374494 3.141593 6857.167831

0.395300 0.000000 -9664.222348
0.395300 0.241661 -9202.182160
0.395300 0.483322 -8570.696233
0.395300 0.724983 -7922.510430
0.395300 0.966644 -7134.121343
0.395300 1.208305 -6356.582218
0.395300 1.449966 -5461.594992
0.395300 1.691627 -4600.864389
0.395300 1.933288 -3656.738228
0.395300 2.174949 -2787.061066
0.395300 2.416610 -1862.703698
0.395300 2.658271 -1034.504403
0.395300 2.899932 -151.350133
0.395300 3.141593 5910.481402

0.416105 0.000000 -9552.418400
0.416105 0.241661 -8947.805315
0.416105 0.483322 -8208.357712
0.416105 0.724983 -7461.360634
0.416105 0.966644 -6597.829876
0.416105 1.208305 -5741.118472
0.416105 1.449966 -4796.462925
0.416105 1.691627 -3873.888084
0.416105 1.933288 -2916.494812
0.416105 2.174949 -2022.231221
0.416105 2.416610 -1115.365608
0.416105 2.658271 -283.429429
0.416105 2.899932 547.329673
0.416105 3.141593 4862.937079

0.436910 0.000000 -9277.609657
0.436910 0.241661 -8565.160741
0.436910 0.483322 -7758.149184
0.436910 0.724983 -6904.743624
0.436910 0.966644 -5985.336799
0.436910 1.208305 -5038.718705
0.436910 1.449966 -4059.711378
0.436910 1.691627 -3066.618288
0.436910 1.933288 -2121.318373
0.436910 2.174949 -1205.563072
0.436910 2.416610 -325.810418
0.436910 2.658271 506.748845
0.436910 2.899932 1280.950599
0.436910 3.141593 3732.410412

0.457715 0.000000 -8844.485522
0.457715 0.241661 -8026.762212
0.457715 0.483322 -7133.779748
0.457715 0.724983 -6183.877574
0.457715 0.966644 -5194.195443
0.457715 1.208305 -4179.961874
0.457715 1.449966 -3152.339201
0.457715 1.691627 -2115.243370
0.457715 1.933288 -1192.130585
0.457715 2.174949 -290.321294
0.457715 2.416610 567.928732
0.457715 2.658271 1367.033138
0.457715 2.899932 2083.425516
0.457715 3.141593 2538.192984

0.478521 0.000000 -8260.436932
0.478521 0.241661 -7333.178441
0.478521 0.483322 -6349.136901
0.478521 0.724983 -5327.477537
0.478521 0.966644 -4286.733744
0.478521 1.208305 -3244.550928
0.478521 1.449966 -2217.454104
0.478521 1.691627 -1220.641357
0.478521 1.933288 -268.334146
0.478521 2.174949 627.466147
0.478521 2.416610 1456.270505
0.478521 2.658271 2209.048711
0.478521 2.899932 2854.598395
0.478521 3.141593 1300.663213

0.499326 0.000000 -7535.430233
0.499326 0.241661 -6513.713330
0.499326 0.483322 -5454.185589
0.499326 0.724983 -4375.998586
0.499326 0.966644 -3297.378180
0.499326 1.208305 -2235.395497
0.499326 1.449966 -1205.770718
0.499326 1.691627 -222.710686
0.499326 1.933288 701.217112
0.499326 2.174949 1555.182060
0.499326 2.416610 2330.147352
0.499326 2.658271 3018.617342
0.499326 2.899932 3579.720212
0.499326 3.141593 40.938608

0.520131 0.000000 -6681.837116
0.520131 0.241661 -5583.093540
0.520131 0.483322 -4466.153062
0.520131 0.724983 -3349.824468
0.520131 0.966644 -2251.708190
0.520131 1.208305 -1187.995202
0.520131 1.449966 -173.301007
0.520131 1.691627 779.464904
0.520131 1.933288 1659.194299
0.520131 2.174949 2456.640938
0.520131 2.416610 3164.445531
0.520131 2.658271 3776.789220
0.520131 2.899932 4243.824712
0.520131 3.141593 -1219.484583

0.540936 0.000000 -5714.223503
0.540936 0.241661 -4557.202468
0.540936 0.483322 -3401.908964
0.540936 0.724983 -2266.488015
0.540936 0.966644 -1167.614251
0.540936 1.208305 -120.322130
0.540936 1.449966 862.127095
0.540936 1.691627 1768.341914
0.540936 1.933288 2588.861402
0.540936 2.174949 3316.181659
0.540936 2.416610 3944.746879
0.540936 2.658271 4470.514536
0.540936 2.899932 4835.512576
0.540936 3.141593 -2459.098193

0.561742 0.000000 -4649.100987
0.561742 0.241661 -3453.546183
0.561742 0.483322 -2279.613862
0.561742 0.724983 -1144.475658
0.561742 0.966644 -63.595856
0.561742 1.208305 949.404151
0.561742 1.449966 1882.843656
0.561742 1.691627 2727.043520
0.561742 1.933288 3474.351562
0.561742 2.174949 4119.134268
0.561742 2.416610 4657.734124
0.561742 2.658271 5087.953918
0.561742 2.899932 5344.686088
0.561742 3.141593 -3656.749151

0.582547 0.000000 -3504.645080
0.582547 0.241661 -2290.957745
0.582547 0.483322 -1118.418874
0.582547 0.724983 -2.933689
0.582547 0.966644 1041.507754
0.582547 1.208305 2002.929569
0.582547 1.449966 2871.430914
0.582547 1.691627 3639.210191
0.582547 1.933288 4300.554540
0.582547 2.174949 4851.796966
0.582547 2.416610 5291.240659
0.582547 2.658271 5618.571214
0.582547 2.899932 5762.656574
0.582547 3.141593 -4792.000451

0.603352 0.000000 -2300.385055
0.603352 0.241661 -1089.275845
0.603352 0.483322 61.861086
0.603352 0.724983 1138.658341
0.603352 0.966644 2128.838821
0.603352 1.208305 3022.276508
0.603352 1.449966 3811.019375
0.603352 1.691627 4489.276493
0.603352 1.933288 5053.371807
0.603352 2.174949 5501.667419
0.603352 2.416610 5834.456174
0.603352 2.658271 6053.311842
0.603352 2.899932 6082.291684
0.603352 3.141593 -5845.479888

0.624157 0.000000 -1056.870699
0.624157 0.241661 130.993723
0.624157 0.483322 1241.085433
0.624157 0.724983 2260.820027
0.624157 0.966644 3179.842865
0.624157 1.208305 3990.050585
0.624157 1.449966 4685.575673
0.624157 1.691627 5262.736687
0.624157 1.933288 5719.957107
0.624157 2.174949 6057.656079
0.624157 2.416610 6278.111107
0.624157 2.658271 6384.757282
0.624157 2.899932 6298.137086
0.624157 3.141593 -6799.210632

0.644963 0.000000 204.678357
0.644963 0.241661 1349.027982
0.644963 0.483322 2399.131596
0.644963 0.724983 3344.402530
0.644963 0.966644 4176.585295
0.644963 1.208305 4889.737466
0.644963 1.449966 5480.176166
0.644963 1.691627 5946.392260
0.644963 1.933288 6288.935665
0.644963 2.174949 6510.275419
0.644963 2.416610 6614.634823
0.644963 2.658271 6607.251669
0.644963 2.899932 6406.509543
0.644963 3.141593 -7636.917989

0.665768 0.000000 1462.734730
0.665768 0.241661 2544.042099
0.665768 0.483322 3516.238394
0.665768 0.724983 4370.915333
0.665768 0.966644 5102.057456
0.665768 1.208305 5705.984676
0.665768 1.449966 6181.261598
0.665768 1.691627 6528.577146
0.665768 1.933288 6750.598292
0.665768 2.174949 6851.801833
0.665768 2.416610 6838.284798
0.665768 2.658271 6716.998302
0.665768 2.899932 6405.559761
0.665768 3.141593 -8344.307116

0.686573 0.000000 2695.830642
0.686573 0.241661 3695.644062
0.686573 0.483322 4573.343242
0.686573 0.724983 5322.841772
0.686573 0.966644 5940.466865
0.686573 1.208305 6424.863573
0.686573 1.449966 6776.868476
0.686573 1.691627 6999.356801
0.686573 1.933288 7097.067065
0.686573 2.174949 7076.407431
0.686573 2.416610 6945.244615
0.686573 2.658271 6712.124440
0.686573 2.899932 6295.303945
0.686573 3.141593 -8909.306954

0.707378 0.000000 3882.924244
0.707378 0.241661 4784.182654
0.707378 0.483322 5552.407447
0.707378 0.724983 6183.937942
0.707378 0.966644 6677.506701
0.707378 1.208305 7034.107032
0.707378 1.449966 7256.833219
0.707378 1.691627 7350.697727
0.707378 1.933288 7322.429757
0.707378 2.174949 7180.259489
0.707378 2.416610 6933.689086
0.707378 2.658271 6592.713252
0.707378 2.899932 6077.623529
0.707378 3.141593 -9322.276207

0.728184 0.000000 5003.758679
0.728184 0.241661 5791.082788
0.728184 0.483322 6436.724018
0.728184 0.724983 6939.509888
0.728184 0.966644 7300.599935
0.728184 1.208305 7523.318775
0.728184 1.449966 7612.965591
0.728184 1.691627 7576.604555
0.728184 1.933288 7422.840723
0.728184 2.174949 7161.585849
0.728184 2.416610 6803.815397
0.728184 2.658271 6360.802397
0.728184 2.899932 5756.233065
0.728184 3.141593 -9576.167868

0.748989 0.000000 6039.207758
0.748989 0.241661 6699.162474
0.748989 0.483322 7211.202763
0.748989 0.724983 7576.664346
0.748989 0.966644 7799.113952
0.748989 1.208305 7884.150774
0.748989 1.449966 7839.188464
0.748989 1.691627 7673.222357
0.748989 1.933288 7396.586527
0.748989 2.174949 7020.705163
0.748989 2.416610 6557.839745
0.748989 2.658271 6020.349261
0.748989 2.899932 5336.616837
0.748989 3.141593 -9666.649466

0.769794 0.000000 6971.602323
0.769794 0.241661 7492.926019
0.769794 0.483322 7862.627786
0.769794 0.724983 8084.528758
0.769794 0.966644 8164.541989
0.769794 1.208305 8110.445702
0.769794 1.449966 7931.641515
0.769794 1.691627 7638.902423
0.769794 1.933288 7244.115175
0.769794 2.174949 6760.021454
0.769794 2.416610 6199.959517
0.769794 2.658271 5577.163419
0.769794 2.899932 4825.935279
0.769794 3.141593 -9592.177003

0.790599 0.000000 7785.031768
0.790599 0.241661 8158.828449
0.790599 0.483322 8379.883013
0.790599 0.724983 8454.436802
0.790599 0.966644 8390.648293
0.790599 1.208305 8198.342009
0.790599 1.449966 7888.747102
0.790599 1.691627 7474.230397
0.790599 1.933288 6968.028478
0.790599 2.174949 6383.983091
0.790599 2.416610 5736.281669
0.790599 2.658271 5038.807500
0.790599 2.899932 4232.902785
0.790599 3.141593 -9354.021294

0.811405 0.000000 8465.615534
0.811405 0.241661 8685.506642
0.811405 0.483322 8754.141875
0.811405 0.724983 8680.076276
0.811405 0.966644 8473.574529
0.811405 1.208305 8146.339811
0.811405 1.449966 7711.237187
0.811405 1.691627 7182.016282
0.811405 1.933288 6573.037644
0.811405 2.174949 5899.006886
0.811405 2.416610 5174.718513
0.811405 2.658271 4414.468143
0.811405 2.899932 3567.639007
0.811405 3.141593 -8956.246287

0.832210 0.000000 9001.739974
0.832210 0.241661 9063.973234
0.832210 0.483322 8979.017927
0.832210 0.724983 8757.596813
0.832210 0.966644 8411.905625
0.832210 1.208305 7955.326485
0.832210 1.449966 7402.140842
0.832210 1.691627 6767.246492
0.832210 1.933288 6065.882895
0.832210 2.174949 5313.368590
0.832210 2.416610 4524.852699
0.832210 2.658271 3714.799226
0.832210 2.899932 2841.496168
0.832210 3.141593 -8405.639711

0.853015 0.000000 9384.256530
0.853015 0.241661 9287.769978
0.853015 0.483322 9050.673829
0.853015 0.724983 8685.675585
0.853015 0.966644 8206.693914
0.853015 1.208305 7628.561529
0.853015 1.449966 6966.732561
0.853015 1.691627 6236.998758
0.853015 1.933288 5455.218442
0.853015 2.174949 4637.061677
0.853015 2.416610 3797.773697
0.853015 2.658271 2951.740070
0.853015 2.899932 2066.865346
0.853015 3.141593 -7711.597251

0.873820 0.000000 9606.637846
0.873820 0.241661 9353.077952
0.873820 0.483322 8967.886827
0.873820 0.724983 8465.539872
0.873820 0.966644 7861.441178
0.873820 1.208305 7171.620941
0.873820 1.449966 6412.442259
0.873820 1.691627 5600.321358
0.873820 1.933288 4751.464812
0.873820 2.174949 3881.626814
0.873820 2.416610 3005.888559
0.873820 2.658271 2138.311702
0.873820 2.899932 1256.965030
0.873820 3.141593 -6885.962216

0.894626 0.000000 9665.089153
0.894626 0.241661 9258.782725
0.894626 0.483322 8732.069620
0.894626 0.724983 8100.946124
0.894626 0.966644 7382.038895
0.894626 1.208305 6592.302066
0.894626 1.449966 5748.728480
0.894626 1.691627 4868.078710
0.894626 1.933288 3966.631029
0.894626 2.174949 3059.954926
0.894626 2.416610 2162.710206
0.894626 2.658271 1288.394662
0.894626 2.899932 425.615556
0.894626 3.141593 -5942.823445

0.915431 0.000000 9558.613023
0.915431 0.241661 9006.493373
0.915431 0.483322 8347.246249
0.915431 0.724983 7598.115857
0.915431 0.966644 6776.667701
0.915431 1.208305 5900.490542
0.915431 1.449966 4986.916997
0.915431 1.691627 4052.765981
0.915431 1.933288 3114.109688
0.915431 2.174949 2186.067221
0.915431 2.416610 1282.626839
0.915431 2.658271 416.492142
0.915431 2.899932 -412.996725
0.915431 3.141593 -4898.274886

0.936236 0.000000 9289.026392
0.936236 0.241661 8600.515025
0.936236 0.483322 7819.983434
0.936236 0.724983 6965.629490
0.936236 0.966644 6055.657798
0.936236 1.208305 5107.991610
0.936236 1.449966 4140.007547
0.936236 1.691627 3168.295865
0.936236 1.933288 2208.448420
0.936236 2.174949 1274.875932
0.936236 2.416610 380.656415
0.936236 2.658271 -462.517502
0.936236 2.899932 -1244.561530
0.936236 3.141593 -3770.140970

0.957041 0.000000 8860.929551
0.957041 0.241661 8047.775392
0.957041 0.483322 7159.278517
0.957041 0.724983 6214.279925
0.957041 0.966644 5231.312675
0.957041 1.208305 4228.328664
0.957041 1.449966 3222.452000
0.957041 1.691627 2229.761177
0.957041 1.933288 1265.101650
0.957041 2.174949 341.929850
0.957041 2.416610 -527.809622
0.957041 2.658271 -1333.634635
0.957041 2.899932 -2054.888833
0.957041 3.141593 -2577.672451

0.977847 0.000000 8281.627650
0.977847 0.241661 7357.706559
0.977847 0.483322 6376.405926
0.977847 0.724983 5356.888372
0.977847 0.966644 4317.699158
0.977847 1.208305 3276.512487
0.977847 1.449966 2249.907747
0.977847 1.691627 1253.177301
0.977847 1.933288 300.166877
0.977847 2.174949 -596.851007
0.977847 2.416610 -1427.268988
0.977847 2.658271 -2181.994301
0.977847 2.899932 -2830.151013
0.977847 3.141593 -1341.217901

0.998652 0.000000 7561.006036
0.998652 0.241661 6542.084028
0.998652 0.483322 5484.724791
0.998652 0.724983 4408.085572
0.998652 0.966644 3330.407371
0.998652 1.208305 2268.785104
0.998652 1.449966 1238.970519
0.998652 1.691627 255.208902
0.998652 1.933288 -669.890016
0.998652 2.174949 -1525.447052
0.998652 2.416610 -2302.373088
0.998652 2.658271 -2993.119884
0.998652 2.899932 -3557.118806
0.998652 3.141593 -81.876482

1.019457 0.000000 6711.361573
1.019457 0.241661 5614.825782
1.019457 0.483322 4499.450976
1.019457 0.724983 3384.062125
1.019457 0.966644 2286.284700
1.019457 1.208305 1222.342618
1.019457 1.449966 206.891197
1.019457 1.691627 -747.114444
1.019457 1.933288 -1628.515743
1.019457 2.174949 -2428.012497
1.019457 2.416610 -3138.188932
1.019457 2.658271 -3753.170141
1.019457 2.899932 -4223.387057
1.019457 3.141593 1178.862097

1.040262 0.000000 5747.192801
1.040262 0.241661 4591.754781
1.040262 0.483322 3437.397433
1.040262 0.724983 2302.292217
1.040262 0.966644 1203.148311
1.040262 1.208305 155.041780
1.040262 1.449966 -828.718566
1.040262 1.691627 -1736.688847
1.040262 1.933288 -2559.352080
1.040262 2.174949 -3289.145746
1.040262 2.416610 -3920.453956
1.040262 2.658271 -4449.175388
1.040262 2.899932 -4817.586402
1.040262 3.141593 2419.484286

1.061068 0.000000 4684.952530
1.061068 0.241661 3490.328957
1.061068 0.483322 2316.687303
1.061068 0.724983 1181.235434
1.061068 0.966644 99.481106
1.061068 1.208305 -914.904728
1.061068 1.449966 -1850.186875
1.061068 1.691627 -2696.627969
1.061068 1.933288 -3446.515010
1.061068 2.174949 -4094.152210
1.061068 2.416610 -4635.819398
1.061068 2.658271 -5069.258822
1.061068 2.899932 -5329.577279
1.061068 3.141593 3618.819806

1.081873 0.000000 3542.767089
1.081873 0.241661 2329.343309
1.081873 0.483322 1156.444656
1.081873 0.724983 40.021761
1.081873 0.966644 -1005.883670
1.081873 1.208305 -1969.239079
1.081873 1.449966 -2840.083143
1.081873 1.691627 -3610.551173
1.081873 1.933288 -4274.865768
1.081873 2.174949 -4829.295063
1.081873 2.416610 -5272.078089
1.081873 2.658271 -5602.839188
1.081873 2.899932 -5750.622951
1.081873 3.141593 4756.402903

1.102678 0.000000 2340.127006
1.102678 0.241661 1128.609180
1.102678 0.483322 -23.531844
1.102678 0.724983 -1101.874852
1.102678 0.966644 -2094.083801
1.102678 1.208305 -2989.969855
1.102678 1.449966 -3781.515541
1.102678 1.691627 -4462.863053
1.102678 1.933288 -5030.269175
1.102678 2.174949 -5482.029648
1.102678 2.416610 -5818.372754
1.102678 2.658271 -6040.811341
1.102678 2.899932 -6073.538592
1.102678 3.141593 5812.821582

1.123483 0.000000 1097.554426
1.123483 0.241661 -91.383812
1.123483 0.483322 -1203.106791
1.123483 0.724983 -2224.968804
1.123483 0.966644 -3146.549976
1.123483 1.208305 -3959.679057
1.123483 1.449966 -4658.419237
1.123483 1.691627 -5239.019550
1.123483 1.933288 -5699.834843
1.123483 2.174949 -6041.217544
1.123483 2.416610 -6265.381289
1.123483 2.658271 -6375.701618
1.123483 2.899932 -6292.813890
1.123483 3.141593 6770.048857

1.144289 0.000000 -163.747090
1.144289 0.241661 -1309.817408
1.144289 0.483322 -2362.151631
1.144289 0.724983 -3310.095347
1.144289 0.966644 -4145.322655
1.144289 1.208305 -4861.819330
1.144289 1.449966 -5455.830531
1.144289 1.691627 -5925.776141
1.144289 1.933288 -6272.137141
1.144289 2.174949 -6497.316632
1.144289 2.416610 -6605.475832
1.144289 2.658271 -6601.795369
1.144289 2.899932 -6404.707079
1.144289 3.141593 7611.750369

1.165094 0.000000 -1422.254386
1.165094 0.241661 -2505.899960
1.165094 0.483322 -3480.888139
1.165094 0.724983 -4338.737616
1.165094 0.966644 -5073.358539
1.165094 1.208305 -5680.996334
1.165094 1.449966 -6160.142204
1.165094 1.691627 -6511.413844
1.165094 1.933288 -6737.410162
1.165094 2.174949 -6842.543926
1.165094 2.416610 -6832.852925
1.165094 2.658271 -6715.234475
1.165094 2.899932 -6407.308785
1.165094 3.141593 8323.563118

1.185899 0.000000 -2656.491987
1.185899 0.241661 -3659.221225
1.185899 0.483322 -4540.225925
1.185899 0.724983 -5293.342609
1.185899 0.966644 -5914.821397
1.185899 1.208305 -6403.231432
1.185899 1.449966 -6759.335709
1.185899 1.691627 -6985.939195
1.185899 1.933288 -7087.714375
1.185899 2.174949 -7071.008382
1.185899 2.416610 -6943.632551
1.185899 2.658271 -6714.083183
1.185899 2.899932 -6300.574614
1.185899 3.141593 8893.340558

1.206704 0.000000 -3845.398561
1.206704 0.241661 -4750.100647
1.206704 0.483322 -5522.088189
1.206704 0.724983 -6157.620715
1.206704 0.966644 -6655.352301
1.206704 1.208305 -7016.200229
1.206704 1.449966 -7243.186263
1.206704 1.691627 -7341.254777
1.206704 1.933288 -7317.072102
1.206704 2.174949 -7178.811429
1.206704 2.416610 -6935.924339
1.206704 2.658271 -6598.361141
1.206704 2.899932 -6086.325902
1.206704 3.141593 9311.359867

1.227510 0.000000 -4968.686317
1.227510 0.241661 -5759.923195
1.227510 0.483322 -6409.720194
1.227510 0.724983 -6916.823680
1.227510 0.966644 -7282.314651
1.227510 1.208305 -7509.442876
1.227510 1.449966 -7603.437322
1.227510 1.691627 -7571.297399
1.227510 1.933288 -7421.569529
1.227510 2.174949 -7164.113489
1.227510 2.416610 -6809.859824
1.227510 2.658271 -6370.043056
1.227510 2.899932 -5768.218641
1.227510 3.141593 9570.487863

1.248315 0.000000 -6007.187199
1.248315 0.241661 -6671.457010
1.248315 0.483322 -7187.975173
1.248315 0.724983 -7557.996280
1.248315 0.966644 -7785.009810
1.248315 1.208305 -7874.542560
1.248315 1.449966 -7833.941474
1.248315 1.691627 -7672.141557
1.248315 1.933288 -7399.423484
1.248315 2.174949 -7027.165370
1.248315 2.416610 -6567.590203
1.248315 2.658271 -6033.025004
1.248315 2.899932 -5351.681093
1.248315 3.141593 9666.302723

1.269120 0.000000 -6943.179975
1.269120 0.241661 -7469.147456
1.269120 0.483322 -7843.572791
1.269120 0.724983 -8070.197391
1.269120 0.966644 -8154.859665
1.269120 1.208305 -8105.269130
1.269120 1.449966 -7930.765339
1.269120 1.691627 -7642.066423
1.269120 1.933288 -7251.011874
1.269120 2.174949 -6770.303990
1.269120 2.416610 -6213.249621
1.269120 2.658271 -5593.057944
1.269120 2.899932 -4843.821154
1.269120 3.141593 9597.169437

1.289925 0.000000 -7760.692637
1.289925 0.241661 -8139.382551
1.289925 0.483322 -8365.325773
1.289925 0.724983 -8444.686686
1.289925 0.966644 -8385.553008
1.289925 1.208305 -8197.685414
1.289925 1.449966 -7892.256692
1.289925 1.691627 -7481.585205
1.289925 1.933288 -6978.867231
1.289925 2.174949 -6397.912492
1.289925 2.416610 -5752.884634
1.289925 2.658271 -5057.649580
1.289925 2.899932 -4253.305071
1.289925 3.141593 9364.267714

1.310731 0.000000 -8445.774948
1.310731 0.241661 -8670.725239
1.310731 0.483322 -8744.330797
1.310731 0.724983 -8675.073791
1.310731 0.966644 -8473.153231
1.310731 1.208305 -8150.214396
1.310731 1.449966 -7719.072655
1.310731 1.691627 -7193.436394
1.310731 1.933288 -6587.633497
1.310731 2.174949 -5916.345457
1.310731 2.416610 -5194.351023
1.310731 2.658271 -4435.936252
1.310731 2.899932 -3590.209554
1.310731 3.141593 8971.571844

1.331536 0.000000 -8986.736497
1.331536 0.241661 -9054.108558
1.331536 0.483322 -8974.120430
1.331536 0.724983 -8757.427323
1.331536 0.966644 -8416.165502
1.331536 1.208305 -7963.666134
1.331536 1.449966 -7414.168480
1.331536 1.691627 -6782.537032
1.331536 1.933288 -6083.986780
1.331536 2.174949 -5333.820461
1.331536 2.416610 -4547.179739
1.331536 2.658271 -3738.527026
1.331536 2.899932 -2865.849826
1.331536 3.141593 8425.782887

1.352341 0.000000 -9374.346186
1.352341 0.241661 -9282.990363
1.352341 0.483322 -9050.773485
1.352341 0.724983 -8690.341981
1.352341 0.966644 -8215.562275
1.352341 1.208305 -7641.223932
1.352341 1.449966 -6982.747128
1.352341 1.691627 -6255.898805
1.352341 1.933288 -5476.521431
1.352341 2.174949 -4660.277853
1.352341 2.416610 -3822.414273
1.352341 2.658271 -2977.322664
1.352341 2.899932 -2092.586539
1.352341 3.141593 7736.214318

1.373146 0.000000 -9601.989747
1.373146 0.241661 -9353.464959
1.373146 0.483322 -8972.981936
1.373146 0.724983 -8474.962526
1.373146 0.966644 -7874.766691
1.373146 1.208305 -7188.390024
1.373146 1.449966 -6432.170478
1.373146 1.691627 -5622.508397
1.373146 1.933288 -4775.603385
1.373146 2.174949 -3907.211129
1.373146 2.416610 -3032.422198
1.373146 2.658271 -2165.312543
1.373146 2.899932 -1283.614845
1.373146 3.141593 6914.633102

1.393952 0.000000 -9665.782615
1.393952 0.241661 -9264.329749
1.393952 0.483322 -8742.073238
1.393952 0.724983 -8114.964245
1.393952 0.966644 -7399.594170
1.393952 1.208305 -6612.891676
1.393952 1.449966 -5771.833704
1.393952 1.691627 -4893.174135
1.393952 1.933288 -3993.193279
1.393952 2.174949 -3087.470802
1.393952 2.416610 -2190.684132
1.393952 2.658271 -1316.353001
1.393952 2.899932 -452.739234
1.393952 3.141593 5975.058903

1.414757 0.000000 -9564.636214
1.414757 0.241661 -9017.105760
1.414757 0.483322 -8361.987671
1.414757 0.724983 -7616.490238
1.414757 0.966644 -6798.153171
1.414757 1.208305 -5924.549334
1.414757 1.449966 -5013.004953
1.414757 1.691627 -4080.341558
1.414757 1.933288 -3142.642350
1.414757 2.174949 -2215.045121
1.414757 2.416610 -1311.563698
1.414757 2.658271 -444.930891
1.414757 2.899932 385.862029
1.414757 3.141593 4933.524843

1.435562 0.000000 -9300.276529
1.435562 0.241661 -8616.011680
1.435562 0.483322 -7839.211109
1.435562 0.724983 -6988.046585
1.435562 0.966644 -6080.706830
1.435562 1.208305 -5135.109039
1.435562 1.449966 -4168.633063
1.435562 1.691627 -3197.881038
1.435562 1.933288 -2238.464607
1.435562 2.174949 -1304.821370
1.435562 2.416610 -410.062421
1.435562 2.658271 434.083628
1.435562 2.899932 1217.878848
1.435562 3.141593 3807.803912

1.456367 0.000000 -8877.214660
1.456367 0.241661 -8067.891878
1.456367 0.483322 -7182.664339
1.456367 0.724983 -6240.357202
1.456367 0.966644 -5259.497826
1.456367 1.208305 -4258.041991
1.456367 1.449966 -3253.126604
1.456367 1.691627 -2260.851097
1.456367 1.933288 -1296.089158
1.456367 2.174949 -372.331829
1.456367 2.416610 498.436260
1.456367 2.658271 1305.690839
1.456367 2.899932 2029.113486
1.456367 3.141593 2617.105688

1.477173 0.000000 -8302.669838
1.477173 0.241661 -7382.099603
1.477173 0.483322 -6403.550835
1.477173 0.724983 -5386.180844
1.477173 0.966644 -4348.539469
1.477173 1.208305 -3308.314678
1.477173 1.449966 -2282.108000
1.477173 1.691627 -1285.241443
1.477173 1.933288 -331.596928
1.477173 2.174949 566.511272
1.477173 2.416610 1398.429504
1.477173 2.658271 2155.017423
1.477173 2.899932 2805.722837
1.477173 3.141593 1381.748535

1.497978 0.000000 -7586.446234
1.497978 0.241661 -6570.337382
1.497978 0.483322 -5515.165579
1.497978 0.724983 -4440.093384
1.497978 0.966644 -3363.376576
1.497978 1.208305 -2302.133477
1.497978 1.449966 -1272.146948
1.497978 1.691627 -287.700114
1.497978 1.933288 638.553753
1.497978 2.174949 1495.687288
1.497978 2.416610 2274.559606
1.497978 2.658271 2967.570265
1.497978 2.899932 3534.454650
1.497978 3.141593 122.812888

1.518783 0.000000 -6740.765663
1.518783 0.241661 -5646.457323
1.518783 0.483322 -4532.668193
1.518783 0.724983 -3418.239088
1.518783 0.966644 -2320.820205
1.518783 1.208305 -1256.668109
1.518783 1.449966 -240.477671
1.518783 1.691627 714.750598
1.518783 1.933288 1597.807998
1.518783 2.174949 2399.340531
1.518783 2.416610 3111.876068
1.518783 2.658271 3729.483764
1.518783 2.899932 4202.873668
1.518783 3.141593 -1138.218468

1.539588 0.000000 -5780.059024
1.539588 0.241661 -4626.224740
1.539588 0.483322 -3472.824253
1.539588 0.724983 -2338.055127
1.539588 0.966644 -1238.660793
1.539588 1.208305 -189.758650
1.539588 1.449966 795.295175
1.539588 1.691627 1705.004633
1.539588 1.933288 2529.796857
1.539588 2.174949 3262.050842
1.539588 2.416610 3896.090719
1.539588 2.658271 4427.756444
1.539588 2.899932 4799.573825
1.539588 3.141593 -2379.826987

1.560394 0.000000 -4720.720050
1.560394 0.241661 -3527.049131
1.560394 0.483322 -2353.719194
1.560394 0.724983 -1217.974024
1.560394 0.966644 -135.364571
1.560394 1.208305 880.388896
1.560394 1.449966 1817.496911
1.560394 1.691627 2666.164053
1.560394 1.933288 3418.616646
1.560394 2.174949 4069.096723
1.560394 2.416610 4613.821529
1.560394 2.658271 5050.472809
1.560394 2.899932 5314.372885
1.560394 3.141593 -3580.825558

1.581199 0.000000 -3580.825558
1.581199 0.241661 -2367.687097
1.581199 0.483322 -1194.449697
1.581199 0.724983 -77.109116
1.581199 0.966644 970.241545
1.581199 1.208305 1935.513272
1.581199 1.449966 2808.684436
1.581199 1.691627 3581.827400
1.581199 1.933288 4249.100328
1.581199 2.174949 4806.706547
1.581199 2.416610 5252.820964
1.581199 2.658271 5587.006676
1.581199 2.899932 5738.486191
1.581199 3.141593 -4720.720050

1.602004 0.000000 -2379.826987
1.602004 0.241661 -1167.922273
1.602004 0.483322 -14.797820
1.602004 0.724983 1065.071601
1.602004 0.966644 2059.291223
1.602004 1.208305 2957.609577
1.602004 1.449966 3751.943887
1.602004 1.691627 4436.369572
1.602004 1.933288 5007.076326
1.602004 2.174949 5462.293558
1.602004 2.416610 5802.184983
1.602004 2.658271 6028.202499
1.602004 2.899932 6064.676571
1.602004 3.141593 -5780.059024

1.622809 0.000000 -1138.218468
1.622809 0.241661 51.772262
1.622809 0.483322 1165.106571
1.622809 0.724983 2189.077677
1.622809 0.966644 3113.200654
1.622809 1.208305 3929.236513
1.622809 1.449966 4631.179252
1.622809 1.691627 5215.208452
1.622809 1.933288 5679.610354
1.622809 2.174949 6024.670661
1.622809 2.416610 6252.539103
1.622809 2.658271 6366.531606
1.622809 2.899932 6287.377832
1.622809 3.141593 -6740.765663

1.643615 0.000000 122.812888
1.643615 0.241661 1270.583342
1.643615 0.483322 2325.129300
1.643615 0.724983 3275.728798
1.643615 0.966644 4113.985670
1.643615 1.208305 4833.813999
1.643615 1.449966 5431.387046
1.643615 1.691627 5905.053744
1.643615 1.933288 6255.226127
1.643615 2.174949 6484.241317
1.643615 2.416610 6596.198372
1.643615 2.658271 6596.220666
1.643615 2.899932 6402.789746
1.643615 3.141593 -7586.446234

1.664420 0.000000 1381.748535
1.664420 0.241661 2467.712878
1.664420 0.483322 3445.475456
1.664420 0.724983 4306.482085
1.664420 0.966644 5044.568632
1.664420 1.208305 5655.906105
1.664420 1.449966 6138.912329
1.664420 1.691627 6494.133761
1.664420 1.933288 6724.101198
1.664420 2.174949 6833.163298
1.664420 2.416610 6827.298505
1.664420 2.658271 6713.350210
1.664420 2.899932 6408.942895
1.664420 3.141593 -8302.669838

1.685225 0.000000 2617.105688
1.685225 0.241661 3622.732760
1.685225 0.483322 4507.027179
1.685225 0.724983 5263.748512
1.685225 0.966644 5889.069846
1.685225 1.208305 6381.484451
1.685225 1.449966 6741.681715
1.685225 1.691627 6972.396297
1.685225 1.933288 7078.234567
1.685225 2.174949 7065.482516
1.685225 2.416610 6941.895953
1.685225 2.658271 6715.921510
1.685225 2.899932 6305.732282
1.685225 3.141593 -8877.214660

1.706030 0.000000 3807.803912
1.706030 0.241661 4715.933448
1.706030 0.483322 5491.669892
1.706030 0.724983 6131.193051
1.706030 0.966644 6633.078538
1.706030 1.208305 6998.167592
1.706030 1.449966 7229.409402
1.706030 1.691627 7331.680163
1.706030 1.933288 7311.583216
1.706030 2.174949 7177.234619
1.706030 2.416610 6938.035197
1.706030 2.658271 6603.890689
1.706030 2.899932 6094.919116
1.706030 3.141593 -9300.276529

1.726836 0.000000 4933.524843
1.726836 0.241661 5728.660298
1.726836 0.483322 6382.601413
1.726836 0.724983 6894.013419
1.726836 0.966644 7263.898760
1.726836 1.208305 7495.432296
1.726836 1.449966 7593.772686
1.726836 1.691627 7565.854453
1.726836 1.933288 7420.165229
1.726836 2.174949 7166.512641
1.726836 2.416610 6815.782117
1.726836 2.658271 6379.169469
1.726836 2.899932 5780.100765
1.726836 3.141593 -9564.636214

1.747641 0.000000 5975.058903
1.747641 0.241661 6643.631894
1.747641 0.483322 7164.618667
1.747641 0.724983 7539.192662
1.747641 0.966644 7770.766045
1.747641 1.208305 7864.793116
1.747641 1.449966 7828.553982
1.747641 1.691627 7670.923159
1.747641 1.933288 7402.127734
1.747641 2.174949 7033.499546
1.747641 2.416610 6577.222872
1.747641 2.658271 6045.592546
1.747641 2.899932 5366.649367
1.747641 3.141593 -9665.782615

1.768446 0.000000 6914.633102
1.768446 0.241661 7445.234935
1.768446 0.483322 7824.377123
1.768446 0.724983 8055.721285
1.768446 0.966644 8145.031084
1.768446 1.208305 8099.947191
1.768446 1.449966 7929.746926
1.768446 1.691627 7645.093363
1.768446 1.933288 7257.778527
1.768446 2.174949 6780.465101
1.768446 2.416610 6226.428292
1.768446 2.658271 5608.852159
1.768446 2.899932 4861.620156
1.768446 3.141593 -9601.989747

1.789251 0.000000 7736.214318
1.789251 0.241661 8119.790674
1.789251 0.483322 8350.618501
1.789251 0.724983 8434.785116
1.789251 0.966644 8380.307329
1.789251 1.208305 8196.881793
1.789251 1.449966 7895.624736
1.789251 1.691627 7488.805831
1.789251 1.933288 6989.580820
1.789251 2.174949 6411.727147
1.789251 2.416610 5769.384423
1.789251 2.658271 5076.400952
1.789251 2.899932 4273.631074
1.789251 3.141593 -9374.346186

1.810057 0.000000 8425.782887
1.810057 0.241661 8655.788327
1.810057 0.483322 8734.362890
1.810057 0.724983 8669.915720
1.810057 0.966644 8472.579967
1.810057 1.208305 8153.942808
1.810057 1.449966 7726.769681
1.810057 1.691627 7204.727492
1.810057 1.933288 6602.111202
1.810057 2.174949 5933.577919
1.810057 2.416610 5213.890372
1.810057 2.658271 4457.324802
1.810057 2.899932 3612.715711
1.810057 3.141593 -8986.736497

1.830862 0.000000 8971.571844
1.830862 0.241661 9044.081498
1.830862 0.483322 8969.061983
1.830862 0.724983 8757.100769
1.830862 0.966644 8420.274436
1.830862 1.208305 7971.862955
1.830862 1.449966 7426.063146
1.830862 1.691627 6797.705928
1.830862 1.933288 6101.981550
1.830862 2.174949 5354.176671
1.830862 2.416610 4569.425226
1.830862 2.658271 3762.187776
1.830862 2.899932 2890.152086
1.830862 3.141593 -8445.774948

1.851667 0.000000 9364.267714
1.851667 0.241661 9278.044259
1.851667 0.483322 9050.710817
1.851667 0.724983 8694.852516
1.851667 0.966644 8224.283291
1.851667 1.208305 7653.749290
1.851667 1.449966 6998.636461
1.851667 1.691627 6274.686653
1.851667 1.933288 5497.726199
1.851667 2.174949 4683.410448
1.851667 2.416610 3846.986294
1.851667 2.658271 3002.851861
1.851667 2.899932 2118.270202
1.851667 3.141593 -7760.692637

1.872472 0.000000 9597.169437
1.872472 0.241661 9353.684212
1.872472 0.483322 8977.916116
1.872472 0.724983 8484.233182
1.872472 0.966644 7887.950972
1.872472 1.208305 7205.030183
1.872472 1.449966 6451.783337
1.872472 1.691627 5644.594596
1.872472 1.933288 4799.656307
1.872472 2.174949 3932.725368
1.872472 2.416610 3058.901451
1.872472 2.658271 2192.274550
1.872472 2.899932 1310.241639
1.872472 3.141593 -6943.179975

1.893278 0.000000 9666.302723
1.893278 0.241661 9269.710619
1.893278 0.483322 8751.920067
1.893278 0.724983 8128.836826
1.893278 0.966644 7417.016735
1.893278 1.208305 6633.362685
1.893278 1.449966 5794.835411
1.893278 1.691627 4918.181802
1.893278 1.933288 4019.683912
1.893278 2.174949 3114.931305
1.893278 2.416610 2218.618768
1.893278 2.658271 1344.287732
1.893278 2.899932 479.854794
1.893278 3.141593 -6007.187199

1.914083 0.000000 9570.487863
1.914083 0.241661 9027.556425
1.914083 0.483322 8376.579122
1.914083 0.724983 7634.728017
1.914083 0.966644 6819.516718
1.914083 1.208305 5948.501870
1.914083 1.449966 5039.003001
1.914083 1.691627 4107.843955
1.914083 1.933288 3171.118650
1.914083 2.174949 2243.983294
1.914083 2.416610 1340.477034
1.914083 2.658271 473.361661
1.914083 2.899932 -358.720410
1.914083 3.141593 -4968.686317

1.934888 0.000000 9311.359867
1.934888 0.241661 8631.353809
1.934888 0.483322 7858.298189
1.934888 0.724983 7010.338349
1.934888 0.966644 6105.646805
1.934888 1.208305 5162.134370
1.934888 1.449966 4197.183816
1.934888 1.691627 3227.408858
1.934888 1.933288 2268.440647
1.934888 2.174949 1334.743406
1.934888 2.416610 439.461074
1.934888 2.658271 -405.641968
1.934888 2.899932 -1191.174321
1.934888 3.141593 -3845.398561

1.955693 0.000000 8893.340558
1.955693 0.241661 8087.863668
1.955693 0.483322 7205.921342
1.955693 0.724983 6266.322560
1.955693 0.966644 5287.588648
1.955693 1.208305 4287.678951
1.955693 1.449966 3283.742864
1.955693 1.691627 2291.900470
1.955693 1.933288 1327.053420
1.955693 2.174949 402.727131
1.955693 2.416610 -469.053958
1.955693 2.658271 -1277.723624
1.955693 2.899932 -2003.301743
1.955693 3.141593 -2656.491987

1.976499 0.000000 8323.563118
1.976499 0.241661 7406.360251
1.976499 0.483322 6430.580897
1.976499 0.724983 5415.376715
1.976499 0.966644 4379.301790
1.976499 1.208305 3340.057534
1.976499 1.449966 2314.267323
1.976499 1.691627 1317.282534
1.976499 1.933288 363.021031
1.976499 2.174949 -536.161378
1.976499 2.416610 -1369.564938
1.976499 2.658271 -2128.001893
1.976499 2.899932 -2781.244334
1.976499 3.141593 -1422.254386

1.997304 0.000000 7611.750369
1.997304 0.241661 6598.472898
1.997304 0.483322 5545.507452
1.997304 0.724983 4472.021563
1.997304 0.966644 3396.285459
1.997304 1.208305 2335.440561
1.997304 1.449966 1305.300561
1.997304 1.691627 320.186167
1.997304 1.933288 -607.206038
1.997304 2.174949 -1465.900698
1.997304 2.416610 -2246.705328
1.997304 2.658271 -2941.967417
1.997304 2.899932 -3511.727092
1.997304 3.141593 -163.747090

2.018109 0.000000 6770.048857
2.018109 0.241661 5677.987595
2.018109 0.483322 4565.804117
2.018109 0.724983 3452.354745
2.018109 0.966644 2355.314086
2.018109 1.208305 1290.971061
2.018109 1.449966 274.059833
2.018109 1.691627 -682.373934
2.018109 1.933288 -1567.071595
2.018109 2.174949 -2370.625531
2.018109 2.416610 -3085.507391
2.018109 2.658271 -3705.730492
2.018109 2.899932 -4182.284878
2.018109 3.141593 1097.554426

2.038914 0.000000 5812.821582
2.038914 0.241661 4660.611729
2.038914 0.483322 3508.188789
2.038914 0.724983 2373.776105
2.038914 0.966644 1274.151059
2.038914 1.208305 224.472117
2.038914 1.449966 -761.857520
2.038914 1.691627 -1673.289840
2.038914 1.933288 -2500.196261
2.038914 2.174949 -3234.897433
2.038914 2.416610 -3871.657603
2.038914 2.658271 -4406.258076
2.038914 2.899932 -4781.475131
2.038914 3.141593 2340.127006

2.059720 0.000000 4756.402903
2.059720 0.241661 3563.706049
2.059720 0.483322 2390.708872
2.059720 0.724983 1254.690771
2.059720 0.966644 171.245608
2.059720 1.208305 -845.857274
2.059720 1.449966 -1784.774350
2.059720 1.691627 -2635.652320
2.059720 1.933288 -3390.656968
2.059720 2.174949 -4043.968256
2.059720 2.416610 -4591.740905
2.059720 2.658271 -5031.596194
2.059720 2.899932 -5299.073115
2.059720 3.141593 3542.767089

2.080525 0.000000 3618.819806
2.080525 0.241661 2405.988420
2.080525 0.483322 1232.433316
2.080525 0.724983 114.195088
2.080525 0.966644 -934.582020
2.080525 1.208305 -1901.752751
2.080525 1.449966 -2777.235356
2.080525 1.691627 -3553.039387
2.080525 1.933288 -4223.258679
2.080525 2.174949 -4784.031819
2.080525 2.416610 -5233.469619
2.080525 2.658271 -5571.073922
2.080525 2.899932 -5726.246405
2.080525 3.141593 4684.952530

2.101330 0.000000 2419.484286
2.101330 0.241661 1207.214419
2.101330 0.483322 53.127218
2.101330 0.724983 -1028.249248
2.101330 0.966644 -2024.461712
2.101330 1.208305 -2925.196255
2.101330 1.449966 -3722.304941
2.101330 1.691627 -4409.796524
2.101330 1.933288 -4983.793674
2.101330 2.174949 -5442.459496
2.101330 2.416610 -5785.893128
2.101330 2.658271 -6015.485475
2.101330 2.899932 -6055.705601
2.101330 3.141593 5747.192801

2.122135 0.000000 1178.862097
2.122135 0.241661 -12.159783
2.122135 0.483322 -1127.085456
2.122135 0.724983 -2153.147289
2.122135 0.966644 -3079.795497
2.122135 1.208305 -3898.723498
2.122135 1.449966 -4603.856207
2.122135 1.691627 -5191.303819
2.122135 1.933288 -5659.283998
2.122135 2.174949 -6008.015715
2.122135 2.416610 -6239.584740
2.122135 2.658271 -6357.247299
2.122135 2.899932 -6281.828708
2.122135 3.141593 6711.361573

2.142941 0.000000 -81.876482
2.142941 0.241661 -1231.326488
2.142941 0.483322 -2288.065269
2.142941 0.724983 -3241.303499
2.142941 0.966644 -4082.574901
2.142941 1.208305 -4805.721973
2.142941 1.449966 -5406.846150
2.142941 1.691627 -5884.225440
2.142941 1.933288 -6238.202921
2.142941 2.174949 -6471.049687
2.142941 2.416610 -6586.802546
2.142941 2.658271 -6590.527472
2.142941 2.899932 -6400.757073
2.142941 3.141593 7561.006036

2.163746 0.000000 -1341.217901
2.163746 0.241661 -2429.481537
2.163746 0.483322 -3410.000978
2.163746 0.724983 -4274.149317
2.163746 0.966644 -5015.688252
2.163746 1.208305 -5630.714437
2.163746 1.449966 -6117.572352
2.163746 1.691627 -6476.737204
2.163746 1.933288 -6710.671627
2.163746 2.174949 -6823.660084
2.163746 2.416610 -6821.621529
2.163746 2.658271 -6711.345222
2.163746 2.899932 -6410.461218
2.163746 3.141593 8281.627650

2.184551 0.000000 -2577.672451
2.184551 0.241661 -3586.179322
2.184551 0.483322 -4473.747601
2.184551 0.724983 -5234.060009
2.184551 0.966644 -5863.212676
2.184551 1.208305 -6359.623018
2.184551 1.449966 -6723.906808
2.184551 1.691627 -6958.728345
2.184551 1.933288 -7068.627794
2.184551 2.174949 -7059.829872
2.184551 2.416610 -6940.034666
2.184551 2.658271 -6717.638848
2.184551 2.899932 -6310.775456
2.184551 3.141593 8860.929551

2.205356 0.000000 -3770.140970
2.205356 0.241661 -4681.681669
2.205356 0.483322 -5461.153104
2.205356 0.724983 -6104.655426
2.205356 0.966644 -6610.685811
2.205356 1.208305 -6980.009442
2.205356 1.449966 -7215.502881
2.205356 1.691627 -7321.974048
2.205356 1.933288 -7305.963168
2.205356 2.174949 -7175.528983
2.205356 2.416610 -6940.021303
2.205356 2.658271 -6609.300891
2.205356 2.899932 -6103.400701
2.205356 3.141593 9289.026392

2.226162 0.000000 -4898.274886
2.226162 0.241661 -5697.294659
2.226162 0.483322 -6355.368160
2.226162 0.724983 -6871.079515
2.226162 0.966644 -7245.352592
2.226162 1.208305 -7481.287285
2.226162 1.449966 -7583.971853
2.226162 1.691627 -7560.275800
2.226162 1.933288 -7418.627796
2.226162 2.174949 -7168.783086
2.226162 2.416610 -6821.581630
2.226162 2.658271 -6388.179955
2.226162 2.899932 -5791.875401
2.226162 3.141593 9558.613023

2.246967 0.000000 -5942.823445
2.246967 0.241661 -6615.687625
2.246967 0.483322 -7141.133665
2.246967 0.724983 -7520.253830
2.246967 0.966644 -7756.382912
2.246967 1.208305 -7854.902618
2.246967 1.449966 -7823.026080
2.246967 1.691627 -7669.567158
2.246967 1.933288 -7404.699134
2.246967 2.174949 -7039.707271
2.246967 2.416610 -6586.736663
2.246967 2.658271 -6058.049131
2.246967 2.899932 -5381.515110
2.246967 3.141593 9665.089153

2.267772 0.000000 -6885.962216
2.267772 0.241661 -7421.188885
2.267772 0.483322 -7805.041125
2.267772 0.724983 -8041.100700
2.267772 0.966644 -8135.056423
2.267772 1.208305 -8094.479978
2.267772 1.449966 -7928.586282
2.267772 1.691627 -7647.983144
2.267772 1.933288 -7264.414850
2.267772 2.174949 -6790.504080
2.267772 2.416610 -6239.493745
2.267772 2.658271 -5624.541576
2.267772 2.899932 -4879.321683
2.267772 3.141593 9606.637846

2.288577 0.000000 -7711.597251
2.288577 0.241661 -8100.053170
2.288577 0.483322 -8335.761462
2.288577 0.724983 -8424.732269
2.288577 0.966644 -8374.911349
2.288577 1.208305 -8195.931159
2.288577 1.449966 -7898.851152
2.288577 1.691627 -7495.892067
2.288577 1.933288 -7000.168768
2.288577 2.174949 -6425.425909
2.288577 2.416610 -5785.778132
2.288577 2.658271 -5095.054317
2.288577 2.899932 -4293.863663
2.288577 3.141593 9384.256530

2.309383 0.000000 -8405.639711
2.309383 0.241661 -8640.696174
2.309383 0.483322 -8724.238334
2.309383 0.724983 -8664.602154
2.309383 0.966644 -8471.854747
2.309383 1.208305 -8157.524971
2.309383 1.449966 -7734.328093
2.309383 1.691627 -7215.889232
2.309383 1.933288 -6616.470007
2.309383 2.174949 -5950.702427
2.309383 2.416610 -5233.331837
2.309383 2.658271 -4478.621924
2.309383 2.899932 -3635.129839
2.309383 3.141593 9001.739974

2.330188 0.000000 -8956.246287
2.330188 0.241661 -9033.892233
2.330188 0.483322 -8963.842677
2.330188 0.724983 -8756.617156
2.330188 0.966644 -8424.232351
2.330188 1.208305 -7979.916787
2.330188 1.449966 -7437.824562
2.330188 1.691627 -6812.752657
2.330188 1.933288 -6119.866029
2.330188 2.174949 -5374.434240
2.330188 2.416610 -4591.581444
2.330188 2.658271 -3785.762169
2.330188 2.899932 -2914.358461
2.330188 3.141593 8465.615534

2.350993 0.000000 -9354.021294
2.350993 0.241661 -9272.931754
2.350993 0.483322 -9050.485825
2.350993 0.724983 -8699.207110
2.350993 0.966644 -8232.856800
2.350993 1.208305 -7666.137353
2.350993 1.449966 -7014.400156
2.350993 1.691627 -6293.361523
2.350993 1.933288 -5518.830891
2.350993 2.174949 -4706.454610
2.350993 2.416610 -3871.477127
2.350993 2.658271 -3028.296289
2.350993 2.899932 -2143.844935
2.350993 3.141593 7785.031768

2.371798 0.000000 -9592.177003
2.371798 0.241661 -9353.735708
2.371798 0.483322 -8982.689278
2.371798 0.724983 -8493.351673
2.371798 0.966644 -7900.993773
2.371798 1.208305 -7221.541072
2.371798 1.449966 -6471.280275
2.371798 1.691627 -5666.578785
2.371798 1.933288 -4823.620609
2.371798 2.174949 -3958.161573
2.371798 2.416610 -3085.305602
2.371798 2.658271 -2219.146841
2.371798 2.899932 -1336.731209
2.371798 3.141593 6971.602323

2.392604 0.000000 -9666.649466
2.392604 0.241661 -9274.925237
2.392604 0.483322 -8761.609932
2.392604 0.724983 -8142.563614
2.392604 0.966644 -7434.306259
2.392604 1.208305 -6653.714637
2.392604 1.449966 -5817.732814
2.392604 1.691627 -4943.099904
2.392604 1.933288 -4046.098090
2.392604 2.174949 -3142.323302
2.392604 2.416610 -2246.480147
2.392604 2.658271 -1372.116549
2.392604 2.899932 -506.780292
2.392604 3.141593 6039.207758

2.413409 0.000000 -9576.167868
2.413409 0.241661 -9037.845182
2.413409 0.483322 -8391.020339
2.413409 0.724983 -7652.828863
2.413409 0.966644 -6840.757924
2.413409 1.208305 -5972.347559
2.413409 1.449966 -5064.910009
2.413409 1.691627 -4135.270309
2.413409 1.933288 -3199.530610
2.413409 2.174949 -2272.860007
2.413409 2.416610 -1369.311227
2.413409 2.658271 -501.651762
2.413409 2.899932 331.860455
2.413409 3.141593 5003.758679

2.434214 0.000000 -9322.276207
2.434214 0.241661 -8646.541134
2.434214 0.483322 -7877.244330
2.434214 0.724983 -7032.504374
2.434214 0.966644 -6130.477216
2.434214 1.208305 -5189.066826
2.434214 1.449966 -4225.658109
2.434214 1.691627 -3256.874670
2.434214 1.933288 -2298.363269
2.434214 2.174949 -1364.606036
2.434214 2.416610 -468.761515
2.434214 2.658271 377.405590
2.434214 2.899932 1164.903490
2.434214 3.141593 3882.924244

2.455019 0.000000 -8909.306954
2.455019 0.241661 -8107.690402
2.455019 0.483322 -7229.049104
2.455019 0.724983 -6292.175512
2.455019 0.966644 -5315.584526
2.455019 1.208305 -4317.238480
2.455019 1.449966 -3314.298133
2.455019 1.691627 -2322.901581
2.455019 1.933288 -1357.972242
2.455019 2.174949 -433.056162
2.455019 2.416610 439.810638
2.455019 2.658271 1250.073597
2.455019 2.899932 1978.168987
2.455019 3.141593 2695.830642

2.475825 0.000000 -8344.307116
2.475825 0.241661 -7430.488065
2.475825 0.483322 -6457.495622
2.475825 0.724983 -5444.475427
2.475825 0.966644 -4409.985361
2.475825 1.208305 -3371.739526
2.475825 1.449966 -2346.381435
2.475825 1.691627 -1349.287625
2.475825 1.933288 -394.401991
2.475825 2.174949 505.899745
2.475825 2.416610 1340.915164
2.475825 2.658271 2101.489534
2.475825 2.899932 2757.832794
2.475825 3.141593 1462.734730

2.496630 0.000000 -7636.917989
2.496630 0.241661 -6626.490069
2.496630 0.483322 -5575.749859
2.496630 0.724983 -4503.869470
2.496630 0.966644 -3429.133047
2.496630 1.208305 -2368.704029
2.496630 1.449966 -1338.424234
2.496630 1.691627 -352.645154
2.496630 1.933288 575.909187
2.496630 2.174949 1436.249314
2.496630 2.416610 2219.197478
2.496630 2.658271 2917.168722
2.496630 2.899932 3490.671017
2.496630 3.141593 204.678357

2.517435 0.000000 -6799.210632
2.517435 0.241661 -5709.416032
2.517435 0.483322 -4598.858138
2.517435 0.724983 -3486.408359
2.517435 0.966644 -2389.765019
2.517435 1.208305 -1325.247750
2.517435 1.449966 -307.625609
2.517435 1.691627 650.021636
2.517435 1.933288 1536.410743
2.517435 2.174949 2342.133192
2.517435 2.416610 3059.704876
2.517435 2.658271 3683.259422
2.517435 2.899932 4164.298105
2.517435 3.141593 -1056.870699

2.538240 0.000000 -5845.479888
2.538240 0.241661 -4694.915128
2.538240 0.483322 -3543.490374
2.538240 0.724983 -2409.454271
2.538240 0.966644 -1309.617178
2.538240 1.208305 -259.175981
2.538240 1.449966 728.426278
2.538240 1.691627 1641.607626
2.538240 1.933288 2470.724017
2.538240 2.174949 3208.119203
2.538240 2.416610 3848.148278
2.538240 2.658271 4386.790468
2.538240 2.899932 4767.395760
2.538240 3.141593 -2300.385055

2.559046 0.000000 -4792.000451
2.559046 0.241661 -3600.299047
2.559046 0.483322 -2427.655612
2.559046 0.724983 -1291.384567
2.559046 0.966644 -207.121200
2.559046 1.208305 811.320453
2.559046 1.449966 1752.054801
2.559046 1.691627 2605.199884
2.559046 1.933288 3362.924462
2.559046 2.174949 4019.471132
2.559046 2.416610 4571.155884
2.559046 2.658271 5015.908838
2.559046 2.899932 5289.930535
2.559046 3.141593 -3504.645080

2.579851 0.000000 -3656.749151
2.579851 0.241661 -2444.246584
2.579851 0.483322 -1270.394715
2.579851 0.724983 -151.278172
2.579851 0.966644 898.910073
2.579851 1.208305 1867.975893
2.579851 1.449966 2745.797323
2.579851 1.691627 3524.368283
2.579851 1.933288 4197.817695
2.579851 2.174949 4762.408465
2.579851 2.416610 5216.515782
2.579851 2.658271 5560.104945
2.579851 2.899932 5723.358535
2.579851 3.141593 -4649.100987

2.600656 0.000000 -2459.098193
2.600656 0.241661 -1246.484896
2.600656 0.483322 -91.455440
2.600656 0.724983 991.410026
2.600656 0.966644 1989.603812
2.600656 1.208305 2892.762043
2.600656 1.449966 3692.704564
2.600656 1.691627 4383.449107
2.600656 1.933288 4961.205499
2.600656 2.174949 5424.354014
2.600656 2.416610 5773.405291
2.600656 2.658271 6010.424165
2.600656 2.899932 6060.816281
2.600656 3.141593 -5714.223503

2.621461 0.000000 -1219.484583
2.621461 0.241661 -27.452879
2.621461 0.483322 1089.044555
2.621461 0.724983 2117.181224
2.621461 0.966644 3046.349514
2.621461 1.208305 3868.196459
2.621461 1.449966 4576.632105
2.621461 1.691627 5167.817533
2.621461 1.933288 5640.138474
2.621461 2.174949 5994.167062
2.621461 2.416610 6232.605600
2.621461 2.658271 6359.663863
2.621461 2.899932 6297.297187
2.621461 3.141593 -6681.837116

2.642267 0.000000 40.938608
2.642267 0.241661 1192.047619
2.642267 0.483322 2250.961025
2.642267 0.724983 3206.825557
2.642267 0.966644 4051.117063
2.642267 1.208305 4777.642361
2.642267 1.449966 5382.519649
2.642267 1.691627 5864.145423
2.642267 1.933288 6223.152831
2.642267 2.174949 6462.360626
2.642267 2.416610 6586.701203
2.642267 2.658271 6602.555836
2.642267 2.899932 6429.813379
2.642267 3.141593 -7535.430233

2.663072 0.000000 1300.663213
2.663072 0.241661 2391.206761
2.663072 0.483322 3374.466924
2.663072 0.724983 4241.750126
2.663072 0.966644 4986.765236
2.663072 1.208305 5605.595022
2.663072 1.449966 6096.654156
2.663072 1.691627 6460.641676
2.663072 1.933288 6700.489819
2.663072 2.174949 6821.302506
2.663072 2.416610 6830.264567
2.663072 2.658271 6735.934580
2.663072 2.899932 6457.542196
2.663072 3.141593 -8260.436932

2.683877 0.000000 2538.192984
2.683877 0.241661 3549.561835
2.683877 0.483322 4440.390820
2.683877 0.724983 5204.296673
2.683877 0.966644 5837.335704
2.683877 1.208305 6337.950589
2.683877 1.449966 6706.913794
2.683877 1.691627 6947.273445
2.683877 1.933288 7064.297561
2.683877 2.174949 7065.401022
2.683877 2.416610 6960.027250
2.683877 2.658271 6758.891739
2.683877 2.899932 6381.955720
2.683877 3.141593 -8844.485522

2.704682 0.000000 3732.410412
2.704682 0.241661 4647.346455
2.704682 0.483322 5430.544186
2.704682 0.724983 6078.043661
2.704682 0.966644 6588.327946
2.704682 1.208305 6962.253832
2.704682 1.449966 7202.990705
2.704682 1.691627 7315.967934
2.704682 1.933288 7308.816538
2.704682 2.174949 7191.277484
2.704682 2.416610 6975.039033
2.704682 2.658271 6672.916250
2.704682 2.899932 6206.929424
2.704682 3.141593 -9277.609657

2.725488 0.000000 4862.937079
2.725488 0.241661 5665.827889
2.725488 0.483322 6328.032066
2.725488 0.724983 6848.087848
2.725488 0.966644 7226.951218
2.725488 1.208305 7467.922432
2.725488 1.449966 7576.592063
2.725488 1.691627 7560.796219
2.725488 1.933288 7430.551577
2.725488 2.174949 7197.928326
2.725488 2.416610 6876.816219
2.725488 2.658271 6482.017607
2.725488 2.899932 5938.822486
2.725488 3.141593 -9552.418400

2.746293 0.000000 5910.481402
2.746293 0.241661 6587.626783
2.746293 0.483322 7117.541912
2.746293 0.724983 7501.301064
2.746293 0.966644 7742.350627
2.746293 1.208305 7846.446837
2.746293 1.449966 7821.620810
2.746293 1.691627 7678.142567
2.746293 1.933288 7428.434666
2.746293 2.174949 7086.879989
2.746293 2.416610 6669.478425
2.746293 2.658271 6192.825835
2.746293 2.899932 5586.517038
2.746293 3.141593 -9664.222348

2.767098 0.000000 6857.167831
2.767098 0.241661 7397.013855
2.767098 0.483322 7785.605919
2.767098 0.724983 8026.558677
2.767098 0.966644 8125.805713
2.767098 1.208305 8091.566709
2.767098 1.449966 7934.339920
2.767098 1.691627 7666.864940
2.767098 1.933288 7303.983929
2.767098 2.174949 6862.338435
2.767098 2.416610 6359.869431
2.767098 2.658271 5814.655807
2.767098 2.899932 5161.396826
2.767098 3.141593 -9611.113651

2.787903 0.000000 7686.841877
2.787903 0.241661 8080.178563
2.787903 0.483322 8320.832792
2.787903 0.724983 8414.937372
2.787903 0.966644 8370.901863
2.787903 1.208305 8199.427721
2.787903 1.449966 7913.526914
2.787903 1.691627 7528.454379
2.787903 1.933288 7061.463802
2.787903 2.174949 6531.331728
2.787903 2.416610 5957.651065
2.787903 2.658271 5359.515205
2.787903 2.899932 4677.237948
2.787903 3.141593 -9393.998569

2.808709 0.000000 8385.345781
2.808709 0.241661 8625.465281
2.808709 0.483322 8714.105820
2.808709 0.724983 8659.881577
2.808709 0.966644 8473.677641
2.808709 1.208305 8168.725964
2.808709 1.449966 7760.628631
2.808709 1.691627 7267.202078
2.808709 1.933288 6708.048924
2.808709 2.174949 6103.837369
2.808709 2.416610 5475.349344
2.808709 2.658271 4842.025197
2.808709 2.899932 4149.976746
2.808709 3.141593 -9016.582006

2.829514 0.000000 8940.760101
2.829514 0.241661 9023.573224
2.829514 0.483322 8958.745387
2.829514 0.724983 8757.340290
2.829514 0.966644 8432.754971
2.829514 1.208305 8000.851715
2.829514 1.449966 7479.929145
2.829514 1.691627 6890.382011
2.829514 1.933288 6253.987863
2.829514 2.174949 5592.874927
2.829514 2.416610 4928.318931
2.829514 2.658271 4279.211910
2.829514 2.899932 3597.315051
2.829514 3.141593 -8485.304291

2.850319 0.000000 9343.607112
2.850319 0.241661 9267.717217
2.850319 0.483322 9050.635956
2.850319 0.724983 8705.879864
2.850319 0.966644 8249.464564
2.850319 1.208305 7700.049367
2.850319 1.449966 7078.745283
2.850319 1.691627 6408.451967
2.850319 1.933288 5712.750857
2.850319 2.174949 5014.528209
2.850319 2.416610 4334.576564
2.850319 2.658271 3690.117831
2.850319 2.899932 3038.124073
2.850319 3.141593 -7809.231276

2.871124 0.000000 9587.012535
2.871124 0.241661 9353.747614
2.871124 0.483322 8988.320557
2.871124 0.724983 8506.783934
2.871124 0.966644 7927.986133
2.871124 1.208305 7273.615284
2.871124 1.449966 6567.662018
2.871124 1.691627 5835.264217
2.871124 1.933288 5101.126364
2.871124 2.174949 4387.840276
2.871124 2.416610 3714.439259
2.871124 2.658271 3095.179638
2.871124 2.899932 2491.619796
2.871124 3.141593 -6999.899636

2.891930 0.000000 9666.822840
2.891930 0.241661 9280.229422
2.891930 0.483322 8773.070613
2.891930 0.724983 8164.160269
2.891930 0.966644 7475.531930
2.891930 1.208305 6732.157958
2.891930 1.449966 5960.810781
2.891930 1.691627 5188.255383
2.891930 1.933288 4439.203680
2.891930 2.174949 3734.501483
2.891930 2.416610 3089.894134
2.891930 2.658271 2515.328838
2.891930 2.899932 1976.309070
2.891930 3.141593 -6071.120003

2.912735 0.000000 9581.676124
2.912735 0.241661 9048.483531
2.912735 0.483322 8408.947049
2.912735 0.724983 7685.086811
2.912735 0.966644 6902.611598
2.912735 1.208305 6089.941323
2.912735 1.449966 5276.172039
2.912735 1.691627 4488.550491
2.912735 1.933288 3750.144613
2.912735 2.174949 3078.231732
2.912735 2.416610 2483.631955
2.912735 2.658271 1970.800705
2.912735 2.899932 1508.749541
2.912735 3.141593 -5038.741299

2.933540 0.000000 9333.025353
2.933540 0.241661 8662.597922
2.933540 0.483322 7902.882106
2.933540 0.724983 7079.846511
2.933540 0.966644 6223.423065
2.933540 1.208305 5365.315060
2.933540 1.449966 4535.843022
2.933540 1.691627 3760.867577
2.933540 1.933288 3059.612660
2.933540 2.174949 2443.754162
2.933540 2.416610 1917.706622
2.933540 2.658271 1479.691193
2.933540 2.899932 1102.226864
2.933540 3.141593 -3920.380286

2.954345 0.000000 8925.113563
2.954345 0.241661 8129.426088
2.954345 0.483322 7264.833831
2.954345 0.724983 6362.322171
2.954345 0.966644 5456.410344
2.954345 1.208305 4581.194377
2.954345 1.449966 3766.146184
2.954345 1.691627 3033.051356
2.954345 1.933288 2394.707011
2.954345 2.174949 1855.284709
2.954345 2.416610 1411.848224
2.954345 2.658271 1056.381299
2.954345 2.899932 765.520701
2.954345 3.141593 -2735.120948

2.975151 0.000000 8364.901460
2.975151 0.241661 7458.607979
2.975151 0.483322 6508.101608
2.975151 0.724983 5550.643776
2.975151 0.966644 4624.999254
2.975151 1.208305 3765.471275
2.975151 1.449966 2997.362841
2.975151 1.691627 2335.012798
2.975151 1.933288 1782.264645
2.975151 2.174949 1334.538886
2.975151 2.416610 981.563112
2.975151 2.658271 710.044500
2.975151 2.899932 501.988875
2.975151 3.141593 -1503.188840

2.995956 0.000000 7661.948641
2.995956 0.241661 6662.684878
2.995956 0.483322 5649.947089
2.995956 0.724983 4668.187325
2.995956 0.966644 3758.439716
2.995956 1.208305 2951.105527
2.995956 1.449966 2262.772435
2.995956 1.691627 1696.838830
2.995956 1.933288 1246.478878
2.995956 2.174949 898.397948
2.995956 2.416610 636.291943
2.995956 2.658271 443.541248
2.995956 2.899932 309.219050
2.995956 3.141593 -245.605952

3.016761 0.000000 6828.250463
3.016761 0.241661 5757.452278
3.016761 0.483322 4712.742617
3.016761 0.724983 3744.980733
3.016761 0.966644 2892.508630
3.016761 1.208305 2175.454342
3.016761 1.449966 1596.601668
3.016761 1.691627 1145.916584
3.016761 1.933288 805.969237
3.016761 2.174949 556.577279
3.016761 2.416610 378.033778
3.016761 2.658271 253.044562
3.016761 2.899932 179.447693
3.016761 3.141593 1016.168017

3.037566 0.000000 5878.033356
3.037566 0.241661 4762.842472
3.037566 0.483322 3725.954475
3.037566 0.724983 2819.404951
3.037566 0.966644 2069.514933
3.037566 1.208305 1478.191088
3.037566 1.449966 1030.524939
3.037566 1.691627 703.157817
3.037566 1.933288 470.736679
3.037566 2.174949 309.859347
3.037566 2.416610 200.919542
3.037566 2.658271 128.682632
3.037566 2.899932 100.803161
3.037566 3.141593 2260.601846

3.058372 0.000000 4827.512055
3.058372 0.241661 3704.929723
3.058372 0.483322 2729.293061
3.058372 0.724983 1939.650052
3.058372 0.966644 1336.580916
3.058372 1.208305 897.055361
3.058372 1.449966 588.645913
3.058372 1.691627 378.863971
3.058372 1.933288 239.803025
3.058372 2.174949 149.596638
3.058372 2.416610 92.147729
3.058372 2.658271 56.288714
3.058372 2.899932 59.196048
3.058372 3.141593 3466.460216

3.079177 0.000000 3694.612913
3.079177 0.241661 2620.267127
3.079177 0.483322 1777.107481
3.079177 0.724983 1163.485586
3.079177 0.966644 740.654557
3.079177 1.208305 460.932045
3.079177 1.449966 281.589202
3.079177 1.691627 169.407173
3.079177 1.933288 100.614772
3.079177 2.174949 59.109929
3.079177 2.416610 34.405243
3.079177 2.658271 20.020924
3.079177 2.899932 40.401052
3.079177 3.141593 4613.166063

3.099982 0.000000 2498.667995
3.099982 0.241661 1565.028127
3.099982 0.483322 942.955870
3.099982 0.724983 553.322716
3.099982 0.966644 318.562926
3.099982 1.208305 180.807874
3.099982 1.449966 101.499403
3.099982 1.691627 56.486616
3.099982 1.933288 31.218355
3.099982 2.174949 17.156265
3.099982 2.416610 9.385261
3.099982 2.658271 5.241251
3.099982 2.899932 31.638481
3.099982 3.141593 5681.151720

3.120787 0.000000 1260.085198
3.120787 0.241661 634.022339
3.120787 0.483322 319.651428
3.120787 0.724983 161.476440
3.120787 0.966644 81.732258
3.120787 1.208305 41.449521
3.120787 1.449966 21.060838
3.120787 1.691627 10.721339
3.120787 1.933288 5.467963
3.120787 2.174949 2.793767
3.120787 2.416610 1.430194
3.120787 2.658271 0.802729
3.120787 2.899932 21.862180
3.120787 3.141593 6652.192821

3.141593 0.000000 0.000000
3.141593 0.241661 0.000000
3.141593 0.483322 0.000000
3.141593 0.724983 0.000000
3.141593 0.966644 0.000000
3.141593 1.208305 0.000000
3.141593 1.449966 0.000000
3.141593 1.691627 0.000000
3.141593 1.933288 0.000000
3.141593 2.174949 0.000000
3.141593 2.416610 0.000000
3.141593 2.658271 0.000000
3.141593 2.899932 0.000000
3.141593 3.141593 0.000000

